   0.00000   1.00000  -66.5767   1.00000  -66.5767
   1.00000   0.99830  -66.5714   0.99874  -66.5777
   2.00000   0.99320  -66.5555   0.99495  -66.5808
   3.00000   0.98476  -66.5288   0.98868  -66.5860
   4.00000   0.97303  -66.4912   0.97996  -66.5933
   5.00000   0.95814  -66.4422   0.96885  -66.6028
   6.00000   0.94019  -66.3815   0.95543  -66.6145
   7.00000   0.91935  -66.3085   0.93979  -66.6284
   8.00000   0.89578  -66.2225   0.92204  -66.6447
   9.00000   0.86969  -66.1227   0.90229  -66.6634
  10.00000   0.84127  -66.0082   0.88069  -66.6847
  11.00000   0.81076  -65.8776   0.85736  -66.7086
  12.00000   0.77841  -65.7297   0.83246  -66.7353
  13.00000   0.74445  -65.5628   0.80616  -66.7650
  14.00000   0.70915  -65.3749   0.77860  -66.7978
  15.00000   0.67276  -65.1636   0.74995  -66.8340
  16.00000   0.63554  -64.9260   0.72039  -66.8738
  17.00000   0.59775  -64.6589   0.69009  -66.9175
  18.00000   0.55964  -64.3580   0.65921  -66.9653
  19.00000   0.52146  -64.0184   0.62792  -67.0178
  20.00000   0.48345  -63.6339   0.59637  -67.0752
  21.00000   0.44582  -63.1967   0.56474  -67.1382
  22.00000   0.40880  -62.6974   0.53316  -67.2071
  23.00000   0.37257  -62.1236   0.50178  -67.2828
  24.00000   0.33732  -61.4598   0.47075  -67.3659
  25.00000   0.30321  -60.6853   0.44017  -67.4574
  26.00000   0.27039  -59.7728   0.41017  -67.5583
  27.00000   0.23900  -58.6852   0.38086  -67.6700
  28.00000   0.20915  -57.3709   0.35232  -67.7938
  29.00000   0.18095  -55.7562   0.32465  -67.9316
  30.00000   0.15450  -53.7327   0.29792  -68.0857
  31.00000   0.12989  -51.1351   0.27219  -68.2587
  32.00000   0.10724  -47.7024   0.24751  -68.4542
  33.00000   0.08669  -43.0047   0.22393  -68.6762
  34.00000   0.06850  -36.3129   0.20148  -68.9304
  35.00000   0.05310  -26.3997   0.18017  -69.2236
  36.00000   0.04132  -11.4991   0.16003  -69.5654
  37.00000   0.03444    9.3432   0.14106  -69.9680
  38.00000   0.03325   32.6175   0.12326  -70.4489
  39.00000   0.03660   51.9406   0.10661  -71.0325
  40.00000   0.04219   65.3070   0.09110  -71.7546
  41.00000   0.04836   74.1916   0.07672  -72.6697
  42.00000   0.05429   80.2505   0.06343  -73.8652
  43.00000   0.05959   84.5552   0.05122  -75.4900
  44.00000   0.06410   87.7360   0.04007  -77.8183
  45.00000   0.06779   90.1670   0.02996  -81.4135
  46.00000   0.07065   92.0779   0.02096  -87.6138
  47.00000   0.07273   93.6154   0.01327 -100.2761
  48.00000   0.07407   94.8769   0.00794 -131.5378
  49.00000   0.07473   95.9291   0.00786  176.7454
  50.00000   0.07479   96.8191   0.01185  148.6862
  51.00000   0.07429   97.5811   0.01652  137.1719
  52.00000   0.07332   98.2404   0.02094  131.3991
  53.00000   0.07193   98.8160   0.02492  127.9986
  54.00000   0.07018   99.3226   0.02841  125.7730
  55.00000   0.06812   99.7718   0.03143  124.2082
  56.00000   0.06581  100.1726   0.03401  123.0500
  57.00000   0.06330  100.5323   0.03617  122.1593
  58.00000   0.06064  100.8568   0.03795  121.4536
  59.00000   0.05786  101.1510   0.03938  120.8812
  60.00000   0.05500  101.4188   0.04051  120.4078
  61.00000   0.05210  101.6637   0.04135  120.0099
  62.00000   0.04918  101.8883   0.04194  119.6711
  63.00000   0.04627  102.0951   0.04230  119.3793
  64.00000   0.04340  102.2861   0.04248  119.1253
  65.00000   0.04058  102.4631   0.04247  118.9024
  66.00000   0.03784  102.6275   0.04232  118.7053
  67.00000   0.03517  102.7806   0.04204  118.5298
  68.00000   0.03261  102.9235   0.04166  118.3726
  69.00000   0.03015  103.0573   0.04118  118.2311
  70.00000   0.02781  103.1828   0.04062  118.1031
  71.00000   0.02558  103.3007   0.04000  117.9867
  72.00000   0.02348  103.4118   0.03933  117.8805
  73.00000   0.02151  103.5166   0.03863  117.7832
  74.00000   0.01966  103.6158   0.03790  117.6938
  75.00000   0.01794  103.7097   0.03715  117.6114
  76.00000   0.01634  103.7987   0.03639  117.5352
  77.00000   0.01487  103.8834   0.03562  117.4647
  78.00000   0.01353  103.9640   0.03486  117.3991
  79.00000   0.01231  104.0409   0.03410  117.3380
  80.00000   0.01120  104.1143   0.03336  117.2810
  81.00000   0.01021  104.1845   0.03262  117.2276
  82.00000   0.00933  104.2518   0.03191  117.1777
  83.00000   0.00855  104.3164   0.03121  117.1308
  84.00000   0.00788  104.3784   0.03054  117.0868
  85.00000   0.00731  104.4381   0.02989  117.0453
  86.00000   0.00684  104.4956   0.02926  117.0061
  87.00000   0.00646  104.5512   0.02865  116.9692
  88.00000   0.00616  104.6048   0.02807  116.9343
  89.00000   0.00595  104.6568   0.02751  116.9012
  90.00000   0.00582  104.7071   0.02697  116.8699
  91.00000   0.00577  104.7560   0.02645  116.8402
  92.00000   0.00579  104.8035   0.02595  116.8119
  93.00000   0.00587  104.8498   0.02547  116.7851
  94.00000   0.00603  104.8950   0.02501  116.7596
  95.00000   0.00625  104.9390   0.02456  116.7352
  96.00000   0.00653  104.9821   0.02412  116.7120
  97.00000   0.00686  105.0244   0.02369  116.6899
  98.00000   0.00725  105.0658   0.02327  116.6688
  99.00000   0.00769  105.1065   0.02285  116.6486
 100.00000   0.00817  105.1466   0.02244  116.6293
 101.00000   0.00870  105.1861   0.02203  116.6108
 102.00000   0.00927  105.2251   0.02161  116.5932
 103.00000   0.00987  105.2637   0.02119  116.5762
 104.00000   0.01051  105.3020   0.02076  116.5600
 105.00000   0.01117  105.3399   0.02032  116.5444
 106.00000   0.01186  105.3776   0.01986  116.5295
 107.00000   0.01256  105.4152   0.01939  116.5151
 108.00000   0.01329  105.4526   0.01890  116.5013
 109.00000   0.01402  105.4900   0.01838  116.4881
 110.00000   0.01476  105.5275   0.01783  116.4754
 111.00000   0.01550  105.5650   0.01726  116.4631
 112.00000   0.01623  105.6027   0.01665  116.4513
 113.00000   0.01696  105.6407   0.01601  116.4400
 114.00000   0.01766  105.6789   0.01533  116.4291
 115.00000   0.01834  105.7176   0.01461  116.4185
 116.00000   0.01899  105.7566   0.01385  116.4084
 117.00000   0.01961  105.7962   0.01304  116.3987
 118.00000   0.02018  105.8364   0.01219  116.3892
 119.00000   0.02071  105.8772   0.01129  116.3802
 120.00000   0.02117  105.9188   0.01035  116.3714
 121.00000   0.02157  105.9613   0.00936  116.3630
 122.00000   0.02190  106.0047   0.00833  116.3548
 123.00000   0.02215  106.0491   0.00724  116.3470
 124.00000   0.02232  106.0946   0.00612  116.3394
 125.00000   0.02240  106.1414   0.00495  116.3321
 126.00000   0.02238  106.1896   0.00374  116.3250
 127.00000   0.02226  106.2392   0.00250  116.3182
 128.00000   0.02204  106.2904   0.00122  116.3116
 129.00000   0.02170  106.3433   0.00009  -63.6948
 130.00000   0.02125  106.3981   0.00141  -63.7009
 131.00000   0.02069  106.4550   0.00276  -63.7068
 132.00000   0.02000  106.5140   0.00411  -63.7125
 133.00000   0.01920  106.5755   0.00546  -63.7181
 134.00000   0.01829  106.6394   0.00680  -63.7234
 135.00000   0.01725  106.7062   0.00813  -63.7286
 136.00000   0.01611  106.7759   0.00943  -63.7335
 137.00000   0.01486  106.8488   0.01070  -63.7383
 138.00000   0.01350  106.9252   0.01192  -63.7429
 139.00000   0.01205  107.0053   0.01308  -63.7474
 140.00000   0.01051  107.0895   0.01417  -63.7517
 141.00000   0.00889  107.1780   0.01518  -63.7559
 142.00000   0.00721  107.2711   0.01610  -63.7599
 143.00000   0.00546  107.3693   0.01692  -63.7637
 144.00000   0.00368  107.4730   0.01763  -63.7674
 145.00000   0.00186  107.5824   0.01821  -63.7710
 146.00000   0.00002  107.6982   0.01866  -63.7744
 147.00000   0.00183  -72.1793   0.01897  -63.7777
 148.00000   0.00366  -72.0495   0.01913  -63.7809
 149.00000   0.00547  -71.9118   0.01913  -63.7840
 150.00000   0.00724  -71.7657   0.01897  -63.7869
 151.00000   0.00896  -71.6106   0.01864  -63.7897
 152.00000   0.01061  -71.4458   0.01815  -63.7924
 153.00000   0.01219  -71.2707   0.01749  -63.7950
 154.00000   0.01368  -71.0844   0.01666  -63.7975
 155.00000   0.01507  -70.8865   0.01567  -63.7998
 156.00000   0.01636  -70.6760   0.01452  -63.8021
 157.00000   0.01753  -70.4524   0.01321  -63.8042
 158.00000   0.01858  -70.2148   0.01177  -63.8063
 159.00000   0.01951  -69.9628   0.01019  -63.8082
 160.00000   0.02031  -69.6958   0.00849  -63.8100
 161.00000   0.02100  -69.4135   0.00669  -63.8118
 162.00000   0.02156  -69.1155   0.00481  -63.8134
 163.00000   0.02200  -68.8020   0.00285  -63.8150
 164.00000   0.02233  -68.4733   0.00085  -63.8164
 165.00000   0.02257  -68.1303   0.00119  116.1822
 166.00000   0.02270  -67.7742   0.00323  116.1810
 167.00000   0.02275  -67.4070   0.00526  116.1798
 168.00000   0.02273  -67.0313   0.00725  116.1787
 169.00000   0.02265  -66.6506   0.00919  116.1777
 170.00000   0.02252  -66.2690   0.01104  116.1768
 171.00000   0.02236  -65.8918   0.01279  116.1760
 172.00000   0.02217  -65.5252   0.01442  116.1753
 173.00000   0.02198  -65.1758   0.01591  116.1746
 174.00000   0.02178  -64.8512   0.01723  116.1741
 175.00000   0.02159  -64.5591   0.01838  116.1736
 176.00000   0.02143  -64.3071   0.01935  116.1732
 177.00000   0.02129  -64.1025   0.02011  116.1729
 178.00000   0.02119  -63.9514   0.02066  116.1727
 179.00000   0.02112  -63.8587   0.02099  116.1726
 180.00000   0.02110  -63.8274   0.02110  116.1726
