   0.00000   1.00000  -59.3964   1.00000  -59.3964
   1.00000   0.99870  -59.3893   0.99904  -59.3981
   2.00000   0.99480  -59.3681   0.99617  -59.4035
   3.00000   0.98833  -59.3327   0.99140  -59.4125
   4.00000   0.97934  -59.2829   0.98476  -59.4251
   5.00000   0.96788  -59.2182   0.97629  -59.4413
   6.00000   0.95404  -59.1384   0.96603  -59.4613
   7.00000   0.93791  -59.0428   0.95405  -59.4851
   8.00000   0.91960  -58.9310   0.94040  -59.5127
   9.00000   0.89923  -58.8022   0.92517  -59.5443
  10.00000   0.87693  -58.6554   0.90843  -59.5800
  11.00000   0.85286  -58.4897   0.89027  -59.6198
  12.00000   0.82716  -58.3040   0.87079  -59.6640
  13.00000   0.79999  -58.0967   0.85009  -59.7127
  14.00000   0.77153  -57.8665   0.82828  -59.7660
  15.00000   0.74195  -57.6113   0.80546  -59.8242
  16.00000   0.71142  -57.3291   0.78174  -59.8875
  17.00000   0.68011  -57.0175   0.75724  -59.9562
  18.00000   0.64821  -56.6737   0.73207  -60.0305
  19.00000   0.61589  -56.2942   0.70634  -60.1106
  20.00000   0.58332  -55.8754   0.68018  -60.1971
  21.00000   0.55066  -55.4126   0.65368  -60.2902
  22.00000   0.51808  -54.9006   0.62696  -60.3904
  23.00000   0.48573  -54.3331   0.60012  -60.4981
  24.00000   0.45376  -53.7027   0.57327  -60.6139
  25.00000   0.42230  -53.0005   0.54650  -60.7383
  26.00000   0.39148  -52.2159   0.51991  -60.8720
  27.00000   0.36143  -51.3357   0.49357  -61.0158
  28.00000   0.33225  -50.3443   0.46759  -61.1705
  29.00000   0.30405  -49.2222   0.44202  -61.3370
  30.00000   0.27692  -47.9451   0.41694  -61.5164
  31.00000   0.25094  -46.4830   0.39242  -61.7099
  32.00000   0.22618  -44.7977   0.36851  -61.9188
  33.00000   0.20273  -42.8406   0.34525  -62.1447
  34.00000   0.18065  -40.5496   0.32270  -62.3894
  35.00000   0.16001  -37.8445   0.30089  -62.6550
  36.00000   0.14089  -34.6223   0.27986  -62.9438
  37.00000   0.12336  -30.7515   0.25962  -63.2587
  38.00000   0.10752  -26.0681   0.24021  -63.6029
  39.00000   0.09352  -20.3791   0.22162  -63.9802
  40.00000   0.08148  -13.4842   0.20388  -64.3951
  41.00000   0.07161   -5.2346   0.18698  -64.8532
  42.00000   0.06405    4.3566   0.17093  -65.3608
  43.00000   0.05891   14.9828   0.15572  -65.9259
  44.00000   0.05609   26.0085   0.14135  -66.5581
  45.00000   0.05530   36.6462   0.12780  -67.2693
  46.00000   0.05606   46.2568   0.11506  -68.0745
  47.00000   0.05787   54.5297   0.10311  -68.9923
  48.00000   0.06026   61.4490   0.09193  -70.0468
  49.00000   0.06290   67.1622   0.08152  -71.2693
  50.00000   0.06554   71.8696   0.07183  -72.7007
  51.00000   0.06801   75.7644   0.06287  -74.3963
  52.00000   0.07023   79.0109   0.05460  -76.4312
  53.00000   0.07213   81.7411   0.04702  -78.9098
  54.00000   0.07368   84.0585   0.04010  -81.9798
  55.00000   0.07489   86.0433   0.03386  -85.8533
  56.00000   0.07576   87.7581   0.02830  -90.8362
  57.00000   0.07629   89.2516   0.02345  -97.3615
  58.00000   0.07653   90.5619   0.01939 -105.9962
  59.00000   0.07648   91.7195   0.01623 -117.3163
  60.00000   0.07617   92.7487   0.01409 -131.4499
  61.00000   0.07564   93.6689   0.01306 -147.3434
  62.00000   0.07490   94.4962   0.01306 -162.7977
  63.00000   0.07398   95.2436   0.01381 -175.9294
  64.00000   0.07291   95.9219   0.01500  173.8037
  65.00000   0.07171   96.5400   0.01638  166.0256
  66.00000   0.07041   97.1056   0.01779  160.1326
  67.00000   0.06902   97.6249   0.01915  155.6039
  68.00000   0.06757   98.1034   0.02041  152.0570
  69.00000   0.06606   98.5457   0.02155  149.2250
  70.00000   0.06453   98.9558   0.02256  146.9228
  71.00000   0.06298   99.3371   0.02343  145.0208
  72.00000   0.06143   99.6925   0.02417  143.4268
  73.00000   0.05988  100.0248   0.02478  142.0741
  74.00000   0.05835  100.3360   0.02528  140.9132
  75.00000   0.05685  100.6284   0.02566  139.9073
  76.00000   0.05538  100.9035   0.02595  139.0279
  77.00000   0.05396  101.1631   0.02614  138.2533
  78.00000   0.05258  101.4084   0.02624  137.5662
  79.00000   0.05126  101.6407   0.02626  136.9529
  80.00000   0.04999  101.8612   0.02621  136.4024
  81.00000   0.04878  102.0708   0.02610  135.9058
  82.00000   0.04763  102.2704   0.02593  135.4558
  83.00000   0.04654  102.4609   0.02570  135.0463
  84.00000   0.04552  102.6430   0.02542  134.6721
  85.00000   0.04455  102.8173   0.02509  134.3290
  86.00000   0.04366  102.9846   0.02473  134.0135
  87.00000   0.04282  103.1452   0.02432  133.7224
  88.00000   0.04205  103.2999   0.02388  133.4531
  89.00000   0.04133  103.4490   0.02340  133.2033
  90.00000   0.04068  103.5930   0.02290  132.9710
  91.00000   0.04008  103.7323   0.02236  132.7546
  92.00000   0.03953  103.8672   0.02180  132.5525
  93.00000   0.03903  103.9982   0.02121  132.3634
  94.00000   0.03858  104.1255   0.02059  132.1862
  95.00000   0.03818  104.2495   0.01995  132.0198
  96.00000   0.03781  104.3704   0.01928  131.8633
  97.00000   0.03749  104.4885   0.01858  131.7160
  98.00000   0.03719  104.6041   0.01786  131.5769
  99.00000   0.03693  104.7175   0.01712  131.4456
 100.00000   0.03669  104.8288   0.01634  131.3215
 101.00000   0.03647  104.9383   0.01555  131.2039
 102.00000   0.03627  105.0461   0.01472  131.0925
 103.00000   0.03608  105.1527   0.01387  130.9867
 104.00000   0.03590  105.2580   0.01298  130.8863
 105.00000   0.03572  105.3623   0.01207  130.7908
 106.00000   0.03553  105.4658   0.01113  130.6999
 107.00000   0.03534  105.5688   0.01017  130.6134
 108.00000   0.03514  105.6713   0.00917  130.5309
 109.00000   0.03492  105.7735   0.00814  130.4521
 110.00000   0.03467  105.8758   0.00708  130.3770
 111.00000   0.03440  105.9781   0.00599  130.3052
 112.00000   0.03410  106.0808   0.00487  130.2366
 113.00000   0.03375  106.1839   0.00372  130.1709
 114.00000   0.03336  106.2878   0.00255  130.1081
 115.00000   0.03293  106.3925   0.00134  130.0479
 116.00000   0.03244  106.4983   0.00012  129.9902
 117.00000   0.03189  106.6053   0.00114  -50.0650
 118.00000   0.03128  106.7139   0.00241  -50.1180
 119.00000   0.03061  106.8241   0.00370  -50.1689
 120.00000   0.02987  106.9362   0.00501  -50.2177
 121.00000   0.02905  107.0505   0.00634  -50.2646
 122.00000   0.02816  107.1671   0.00767  -50.3096
 123.00000   0.02719  107.2863   0.00900  -50.3529
 124.00000   0.02614  107.4084   0.01034  -50.3945
 125.00000   0.02501  107.5336   0.01167  -50.4345
 126.00000   0.02380  107.6623   0.01299  -50.4730
 127.00000   0.02250  107.7946   0.01429  -50.5100
 128.00000   0.02113  107.9310   0.01557  -50.5455
 129.00000   0.01967  108.0718   0.01682  -50.5798
 130.00000   0.01814  108.2172   0.01803  -50.6127
 131.00000   0.01653  108.3678   0.01920  -50.6445
 132.00000   0.01485  108.5238   0.02032  -50.6750
 133.00000   0.01311  108.6857   0.02137  -50.7044
 134.00000   0.01130  108.8539   0.02236  -50.7327
 135.00000   0.00945  109.0290   0.02326  -50.7599
 136.00000   0.00754  109.2113   0.02409  -50.7862
 137.00000   0.00559  109.4015   0.02481  -50.8114
 138.00000   0.00361  109.6001   0.02544  -50.8357
 139.00000   0.00161  109.8077   0.02596  -50.8591
 140.00000   0.00040  -69.9750   0.02635  -50.8816
 141.00000   0.00242  -69.7474   0.02662  -50.9032
 142.00000   0.00443  -69.5088   0.02676  -50.9240
 143.00000   0.00643  -69.2583   0.02676  -50.9441
 144.00000   0.00840  -68.9953   0.02662  -50.9633
 145.00000   0.01033  -68.7187   0.02633  -50.9818
 146.00000   0.01221  -68.4279   0.02588  -50.9996
 147.00000   0.01403  -68.1217   0.02528  -51.0166
 148.00000   0.01579  -67.7993   0.02453  -51.0330
 149.00000   0.01747  -67.4596   0.02362  -51.0487
 150.00000   0.01906  -67.1016   0.02255  -51.0638
 151.00000   0.02057  -66.7243   0.02133  -51.0782
 152.00000   0.02197  -66.3267   0.01995  -51.0920
 153.00000   0.02327  -65.9077   0.01844  -51.1052
 154.00000   0.02445  -65.4662   0.01678  -51.1178
 155.00000   0.02553  -65.0015   0.01500  -51.1298
 156.00000   0.02649  -64.5125   0.01309  -51.1413
 157.00000   0.02733  -63.9988   0.01108  -51.1522
 158.00000   0.02807  -63.4597   0.00897  -51.1625
 159.00000   0.02868  -62.8951   0.00677  -51.1724
 160.00000   0.02919  -62.3049   0.00451  -51.1817
 161.00000   0.02960  -61.6898   0.00219  -51.1905
 162.00000   0.02991  -61.0507   0.00016  128.8012
 163.00000   0.03012  -60.3892   0.00253  128.7934
 164.00000   0.03026  -59.7077   0.00491  128.7860
 165.00000   0.03031  -59.0091   0.00726  128.7792
 166.00000   0.03031  -58.2976   0.00958  128.7728
 167.00000   0.03024  -57.5782   0.01184  128.7669
 168.00000   0.03013  -56.8568   0.01402  128.7614
 169.00000   0.02999  -56.1406   0.01612  128.7564
 170.00000   0.02982  -55.4377   0.01809  128.7519
 171.00000   0.02963  -54.7571   0.01994  128.7478
 172.00000   0.02944  -54.1087   0.02165  128.7441
 173.00000   0.02925  -53.5029   0.02319  128.7409
 174.00000   0.02907  -52.9503   0.02455  128.7381
 175.00000   0.02890  -52.4612   0.02573  128.7358
 176.00000   0.02876  -52.0455   0.02671  128.7338
 177.00000   0.02864  -51.7120   0.02748  128.7323
 178.00000   0.02856  -51.4681   0.02804  128.7313
 179.00000   0.02850  -51.3195   0.02837  128.7306
 180.00000   0.02849  -51.2696   0.02849  128.7304
