   0.00000   1.00000   30.6743   1.00000   30.6743
   1.00000   0.99915   30.6754   0.99947   30.6743
   2.00000   0.99662   30.6785   0.99787   30.6743
   3.00000   0.99240   30.6838   0.99520   30.6743
   4.00000   0.98653   30.6912   0.99149   30.6743
   5.00000   0.97903   30.7007   0.98674   30.6743
   6.00000   0.96993   30.7124   0.98098   30.6743
   7.00000   0.95927   30.7264   0.97421   30.6743
   8.00000   0.94711   30.7427   0.96646   30.6743
   9.00000   0.93350   30.7614   0.95777   30.6743
  10.00000   0.91849   30.7825   0.94817   30.6743
  11.00000   0.90216   30.8061   0.93768   30.6743
  12.00000   0.88458   30.8324   0.92634   30.6743
  13.00000   0.86582   30.8614   0.91420   30.6743
  14.00000   0.84596   30.8932   0.90128   30.6743
  15.00000   0.82508   30.9281   0.88765   30.6743
  16.00000   0.80328   30.9662   0.87333   30.6743
  17.00000   0.78063   31.0076   0.85839   30.6743
  18.00000   0.75723   31.0526   0.84286   30.6743
  19.00000   0.73318   31.1015   0.82679   30.6743
  20.00000   0.70855   31.1543   0.81023   30.6743
  21.00000   0.68345   31.2116   0.79324   30.6743
  22.00000   0.65796   31.2735   0.77586   30.6743
  23.00000   0.63217   31.3405   0.75814   30.6743
  24.00000   0.60617   31.4130   0.74013   30.6743
  25.00000   0.58005   31.4914   0.72188   30.6743
  26.00000   0.55389   31.5764   0.70344   30.6743
  27.00000   0.52777   31.6685   0.68486   30.6743
  28.00000   0.50177   31.7685   0.66617   30.6743
  29.00000   0.47595   31.8772   0.64743   30.6743
  30.00000   0.45039   31.9955   0.62868   30.6743
  31.00000   0.42516   32.1245   0.60996   30.6743
  32.00000   0.40032   32.2656   0.59131   30.6743
  33.00000   0.37592   32.4203   0.57277   30.6743
  34.00000   0.35201   32.5903   0.55437   30.6743
  35.00000   0.32864   32.7779   0.53615   30.6743
  36.00000   0.30586   32.9856   0.51814   30.6743
  37.00000   0.28370   33.2165   0.50036   30.6743
  38.00000   0.26219   33.4745   0.48285   30.6743
  39.00000   0.24137   33.7642   0.46563   30.6743
  40.00000   0.22126   34.0915   0.44873   30.6743
  41.00000   0.20188   34.4640   0.43216   30.6743
  42.00000   0.18325   34.8910   0.41594   30.6743
  43.00000   0.16538   35.3852   0.40009   30.6743
  44.00000   0.14828   35.9631   0.38462   30.6743
  45.00000   0.13195   36.6472   0.36955   30.6743
  46.00000   0.11640   37.4687   0.35489   30.6743
  47.00000   0.10164   38.4727   0.34063   30.6743
  48.00000   0.08766   39.7254   0.32681   30.6743
  49.00000   0.07448   41.3297   0.31340   30.6743
  50.00000   0.06209   43.4521   0.30043   30.6743
  51.00000   0.05052   46.3801   0.28789   30.6743
  52.00000   0.03982   50.6475   0.27578   30.6743
  53.00000   0.03011   57.3369   0.26410   30.6743
  54.00000   0.02170   68.8247   0.25285   30.6743
  55.00000   0.01544   90.0044   0.24202   30.6743
  56.00000   0.01317  123.6052   0.23162   30.6743
  57.00000   0.01560  154.1868   0.22163   30.6743
  58.00000   0.02049  171.8405   0.21205   30.6743
  59.00000   0.02604 -178.4693   0.20288   30.6743
  60.00000   0.03156 -172.6641   0.19410   30.6743
  61.00000   0.03681 -168.8713   0.18570   30.6743
  62.00000   0.04171 -166.2211   0.17769   30.6743
  63.00000   0.04622 -164.2729   0.17004   30.6743
  64.00000   0.05033 -162.7839   0.16276   30.6743
  65.00000   0.05404 -161.6106   0.15582   30.6743
  66.00000   0.05739 -160.6631   0.14922   30.6743
  67.00000   0.06036 -159.8826   0.14296   30.6743
  68.00000   0.06299 -159.2287   0.13701   30.6743
  69.00000   0.06529 -158.6733   0.13137   30.6743
  70.00000   0.06727 -158.1957   0.12603   30.6743
  71.00000   0.06897 -157.7808   0.12098   30.6743
  72.00000   0.07038 -157.4171   0.11620   30.6743
  73.00000   0.07153 -157.0957   0.11170   30.6743
  74.00000   0.07244 -156.8096   0.10745   30.6743
  75.00000   0.07312 -156.5534   0.10344   30.6743
  76.00000   0.07358 -156.3226   0.09968   30.6743
  77.00000   0.07385 -156.1137   0.09614   30.6743
  78.00000   0.07392 -155.9236   0.09282   30.6743
  79.00000   0.07382 -155.7499   0.08971   30.6743
  80.00000   0.07355 -155.5906   0.08680   30.6743
  81.00000   0.07314 -155.4439   0.08408   30.6743
  82.00000   0.07258 -155.3084   0.08155   30.6743
  83.00000   0.07188 -155.1828   0.07919   30.6743
  84.00000   0.07106 -155.0661   0.07699   30.6743
  85.00000   0.07013 -154.9573   0.07496   30.6743
  86.00000   0.06908 -154.8556   0.07307   30.6743
  87.00000   0.06793 -154.7603   0.07133   30.6743
  88.00000   0.06668 -154.6709   0.06973   30.6743
  89.00000   0.06534 -154.5866   0.06825   30.6743
  90.00000   0.06391 -154.5072   0.06690   30.6743
  91.00000   0.06240 -154.4321   0.06567   30.6743
  92.00000   0.06081 -154.3610   0.06455   30.6743
  93.00000   0.05914 -154.2935   0.06353   30.6743
  94.00000   0.05740 -154.2293   0.06261   30.6743
  95.00000   0.05559 -154.1682   0.06178   30.6743
  96.00000   0.05371 -154.1099   0.06104   30.6743
  97.00000   0.05176 -154.0541   0.06038   30.6743
  98.00000   0.04975 -154.0007   0.05980   30.6743
  99.00000   0.04768 -153.9495   0.05929   30.6743
 100.00000   0.04555 -153.9002   0.05884   30.6743
 101.00000   0.04336 -153.8529   0.05846   30.6743
 102.00000   0.04111 -153.8072   0.05813   30.6743
 103.00000   0.03880 -153.7631   0.05785   30.6743
 104.00000   0.03644 -153.7204   0.05761   30.6743
 105.00000   0.03402 -153.6790   0.05742   30.6743
 106.00000   0.03155 -153.6389   0.05726   30.6743
 107.00000   0.02902 -153.5998   0.05713   30.6743
 108.00000   0.02644 -153.5618   0.05702   30.6743
 109.00000   0.02382 -153.5247   0.05694   30.6743
 110.00000   0.02115 -153.4885   0.05687   30.6743
 111.00000   0.01843 -153.4530   0.05681   30.6743
 112.00000   0.01566 -153.4182   0.05676   30.6743
 113.00000   0.01286 -153.3840   0.05671   30.6743
 114.00000   0.01002 -153.3503   0.05665   30.6743
 115.00000   0.00714 -153.3171   0.05658   30.6743
 116.00000   0.00424 -153.2843   0.05650   30.6743
 117.00000   0.00130 -153.2519   0.05639   30.6743
 118.00000   0.00166   26.7803   0.05626   30.6743
 119.00000   0.00464   26.8123   0.05610   30.6743
 120.00000   0.00763   26.8442   0.05590   30.6743
 121.00000   0.01064   26.8760   0.05566   30.6743
 122.00000   0.01364   26.9077   0.05538   30.6743
 123.00000   0.01664   26.9395   0.05504   30.6743
 124.00000   0.01964   26.9715   0.05464   30.6743
 125.00000   0.02262   27.0036   0.05419   30.6743
 126.00000   0.02558   27.0359   0.05366   30.6743
 127.00000   0.02850   27.0685   0.05307   30.6743
 128.00000   0.03139   27.1015   0.05240   30.6743
 129.00000   0.03424   27.1350   0.05165   30.6743
 130.00000   0.03703   27.1689   0.05082   30.6743
 131.00000   0.03976   27.2035   0.04990   30.6743
 132.00000   0.04243   27.2387   0.04888   30.6743
 133.00000   0.04501   27.2747   0.04777   30.6743
 134.00000   0.04751   27.3115   0.04657   30.6743
 135.00000   0.04992   27.3492   0.04527   30.6743
 136.00000   0.05223   27.3879   0.04386   30.6743
 137.00000   0.05442   27.4277   0.04235   30.6743
 138.00000   0.05650   27.4687   0.04074   30.6743
 139.00000   0.05846   27.5110   0.03902   30.6743
 140.00000   0.06029   27.5547   0.03719   30.6743
 141.00000   0.06199   27.5999   0.03527   30.6743
 142.00000   0.06354   27.6468   0.03324   30.6743
 143.00000   0.06495   27.6954   0.03110   30.6743
 144.00000   0.06621   27.7460   0.02888   30.6743
 145.00000   0.06731   27.7985   0.02655   30.6743
 146.00000   0.06827   27.8532   0.02414   30.6743
 147.00000   0.06906   27.9102   0.02163   30.6743
 148.00000   0.06970   27.9697   0.01905   30.6743
 149.00000   0.07018   28.0317   0.01639   30.6743
 150.00000   0.07051   28.0965   0.01367   30.6743
 151.00000   0.07069   28.1642   0.01088   30.6743
 152.00000   0.07072   28.2349   0.00804   30.6743
 153.00000   0.07060   28.3087   0.00515   30.6743
 154.00000   0.07035   28.3859   0.00223   30.6743
 155.00000   0.06997   28.4665   0.00072 -149.3257
 156.00000   0.06947   28.5506   0.00368 -149.3257
 157.00000   0.06885   28.6382   0.00664 -149.3257
 158.00000   0.06812   28.7295   0.00960 -149.3257
 159.00000   0.06731   28.8244   0.01255 -149.3257
 160.00000   0.06641   28.9228   0.01546 -149.3257
 161.00000   0.06544   29.0246   0.01833 -149.3257
 162.00000   0.06441   29.1297   0.02114 -149.3257
 163.00000   0.06333   29.2377   0.02389 -149.3257
 164.00000   0.06223   29.3482   0.02656 -149.3257
 165.00000   0.06110   29.4608   0.02915 -149.3257
 166.00000   0.05997   29.5748   0.03163 -149.3257
 167.00000   0.05885   29.6895   0.03399 -149.3257
 168.00000   0.05774   29.8038   0.03623 -149.3257
 169.00000   0.05667   29.9168   0.03834 -149.3257
 170.00000   0.05565   30.0272   0.04030 -149.3257
 171.00000   0.05469   30.1337   0.04210 -149.3257
 172.00000   0.05379   30.2348   0.04374 -149.3257
 173.00000   0.05298   30.3290   0.04521 -149.3257
 174.00000   0.05225   30.4147   0.04650 -149.3257
 175.00000   0.05162   30.4904   0.04760 -149.3257
 176.00000   0.05110   30.5546   0.04851 -149.3257
 177.00000   0.05068   30.6061   0.04922 -149.3257
 178.00000   0.05038   30.6437   0.04973 -149.3257
 179.00000   0.05020   30.6666   0.05004 -149.3257
 180.00000   0.05014   30.6743   0.05014 -149.3257
