   0.00000   1.00000   35.0114   1.00000   35.0114
   1.00000   0.99883   35.0220   0.99923   35.0103
   2.00000   0.99531   35.0539   0.99694   35.0072
   3.00000   0.98947   35.1073   0.99313   35.0020
   4.00000   0.98136   35.1825   0.98782   34.9947
   5.00000   0.97101   35.2799   0.98104   34.9854
   6.00000   0.95849   35.4002   0.97282   34.9739
   7.00000   0.94388   35.5439   0.96319   34.9602
   8.00000   0.92728   35.7121   0.95221   34.9444
   9.00000   0.90877   35.9057   0.93992   34.9265
  10.00000   0.88848   36.1259   0.92639   34.9063
  11.00000   0.86652   36.3743   0.91166   34.8839
  12.00000   0.84302   36.6524   0.89582   34.8592
  13.00000   0.81812   36.9622   0.87892   34.8321
  14.00000   0.79197   37.3058   0.86105   34.8027
  15.00000   0.76470   37.6857   0.84228   34.7709
  16.00000   0.73647   38.1049   0.82268   34.7366
  17.00000   0.70743   38.5667   0.80235   34.6998
  18.00000   0.67774   39.0747   0.78135   34.6604
  19.00000   0.64755   39.6335   0.75978   34.6183
  20.00000   0.61700   40.2479   0.73772   34.5734
  21.00000   0.58626   40.9239   0.71525   34.5258
  22.00000   0.55547   41.6682   0.69244   34.4752
  23.00000   0.52477   42.4884   0.66939   34.4216
  24.00000   0.49429   43.3937   0.64617   34.3649
  25.00000   0.46419   44.3947   0.62285   34.3049
  26.00000   0.43457   45.5036   0.59951   34.2416
  27.00000   0.40556   46.7351   0.57622   34.1749
  28.00000   0.37729   48.1062   0.55304   34.1045
  29.00000   0.34986   49.6370   0.53005   34.0303
  30.00000   0.32338   51.3512   0.50729   33.9523
  31.00000   0.29794   53.2766   0.48482   33.8701
  32.00000   0.27366   55.4459   0.46270   33.7836
  33.00000   0.25061   57.8972   0.44097   33.6926
  34.00000   0.22891   60.6741   0.41968   33.5970
  35.00000   0.20863   63.8258   0.39886   33.4964
  36.00000   0.18989   67.4055   0.37855   33.3905
  37.00000   0.17277   71.4673   0.35878   33.2792
  38.00000   0.15737   76.0605   0.33957   33.1622
  39.00000   0.14379   81.2195   0.32095   33.0390
  40.00000   0.13212   86.9501   0.30293   32.9094
  41.00000   0.12239   93.2135   0.28553   32.7729
  42.00000   0.11464   99.9132   0.26876   32.6292
  43.00000   0.10880  106.8924   0.25263   32.4778
  44.00000   0.10475  113.9493   0.23714   32.3183
  45.00000   0.10229  120.8691   0.22229   32.1499
  46.00000   0.10116  127.4607   0.20809   31.9723
  47.00000   0.10109  133.5842   0.19452   31.7847
  48.00000   0.10181  139.1610   0.18157   31.5863
  49.00000   0.10304  144.1672   0.16925   31.3765
  50.00000   0.10459  148.6186   0.15754   31.1544
  51.00000   0.10628  152.5554   0.14643   30.9190
  52.00000   0.10798  156.0290   0.13590   30.6692
  53.00000   0.10959  159.0939   0.12594   30.4038
  54.00000   0.11103  161.8023   0.11653   30.1216
  55.00000   0.11227  164.2019   0.10766   29.8210
  56.00000   0.11327  166.3348   0.09930   29.5004
  57.00000   0.11401  168.2375   0.09144   29.1579
  58.00000   0.11449  169.9411   0.08407   28.7915
  59.00000   0.11472  171.4724   0.07715   28.3988
  60.00000   0.11470  172.8540   0.07068   27.9770
  61.00000   0.11444  174.1051   0.06462   27.5232
  62.00000   0.11396  175.2422   0.05898   27.0337
  63.00000   0.11328  176.2791   0.05371   26.5046
  64.00000   0.11241  177.2277   0.04881   25.9312
  65.00000   0.11138  178.0984   0.04426   25.3081
  66.00000   0.11019  178.8998   0.04004   24.6290
  67.00000   0.10888  179.6396   0.03613   23.8864
  68.00000   0.10746 -179.6756   0.03251   23.0718
  69.00000   0.10594 -179.0402   0.02918   22.1748
  70.00000   0.10434 -178.4491   0.02610   21.1833
  71.00000   0.10268 -177.8979   0.02328   20.0824
  72.00000   0.10097 -177.3829   0.02069   18.8545
  73.00000   0.09923 -176.9006   0.01831   17.4782
  74.00000   0.09746 -176.4480   0.01615   15.9273
  75.00000   0.09568 -176.0224   0.01418   14.1698
  76.00000   0.09389 -175.6216   0.01240   12.1663
  77.00000   0.09212 -175.2433   0.01079    9.8680
  78.00000   0.09035 -174.8856   0.00934    7.2151
  79.00000   0.08861 -174.5469   0.00805    4.1342
  80.00000   0.08689 -174.2256   0.00690    0.5368
  81.00000   0.08520 -173.9203   0.00590   -3.6807
  82.00000   0.08355 -173.6298   0.00502   -8.6325
  83.00000   0.08193 -173.3529   0.00428  -14.4306
  84.00000   0.08035 -173.0886   0.00366  -21.1574
  85.00000   0.07882 -172.8359   0.00315  -28.8211
  86.00000   0.07732 -172.5940   0.00275  -37.3008
  87.00000   0.07587 -172.3621   0.00244  -46.3129
  88.00000   0.07446 -172.1394   0.00220  -55.4394
  89.00000   0.07310 -171.9253   0.00202  -64.2310
  90.00000   0.07177 -171.7191   0.00188  -72.3280
  91.00000   0.07048 -171.5202   0.00175  -79.5294
  92.00000   0.06923 -171.3282   0.00161  -85.7854
  93.00000   0.06801 -171.1425   0.00147  -91.1477
  94.00000   0.06682 -170.9626   0.00130  -95.7182
  95.00000   0.06566 -170.7882   0.00110  -99.6124
  96.00000   0.06453 -170.6188   0.00087 -102.9400
  97.00000   0.06341 -170.4540   0.00061 -105.7973
  98.00000   0.06231 -170.2934   0.00031 -108.2651
  99.00000   0.06122 -170.1368   0.00003   69.5901
 100.00000   0.06014 -169.9837   0.00040   67.7144
 101.00000   0.05907 -169.8339   0.00080   66.0640
 102.00000   0.05799 -169.6871   0.00125   64.6033
 103.00000   0.05691 -169.5429   0.00172   63.3034
 104.00000   0.05581 -169.4011   0.00223   62.1407
 105.00000   0.05470 -169.2615   0.00277   61.0956
 106.00000   0.05358 -169.1237   0.00335   60.1521
 107.00000   0.05242 -168.9875   0.00395   59.2968
 108.00000   0.05124 -168.8527   0.00458   58.5184
 109.00000   0.05002 -168.7190   0.00524   57.8076
 110.00000   0.04876 -168.5862   0.00592   57.1562
 111.00000   0.04746 -168.4540   0.00662   56.5575
 112.00000   0.04612 -168.3221   0.00735   56.0057
 113.00000   0.04472 -168.1904   0.00810   55.4958
 114.00000   0.04327 -168.0586   0.00886   55.0233
 115.00000   0.04176 -167.9264   0.00964   54.5845
 116.00000   0.04019 -167.7936   0.01044   54.1763
 117.00000   0.03856 -167.6599   0.01124   53.7955
 118.00000   0.03687 -167.5251   0.01205   53.4399
 119.00000   0.03511 -167.3889   0.01286   53.1070
 120.00000   0.03328 -167.2510   0.01367   52.7950
 121.00000   0.03139 -167.1111   0.01448   52.5021
 122.00000   0.02943 -166.9689   0.01529   52.2267
 123.00000   0.02741 -166.8240   0.01608   51.9674
 124.00000   0.02532 -166.6762   0.01685   51.7230
 125.00000   0.02317 -166.5252   0.01761   51.4924
 126.00000   0.02097 -166.3704   0.01834   51.2745
 127.00000   0.01871 -166.2115   0.01904   51.0685
 128.00000   0.01640 -166.0482   0.01971   50.8734
 129.00000   0.01405 -165.8799   0.02034   50.6886
 130.00000   0.01166 -165.7062   0.02092   50.5134
 131.00000   0.00924 -165.5265   0.02146   50.3471
 132.00000   0.00680 -165.3404   0.02194   50.1892
 133.00000   0.00434 -165.1472   0.02236   50.0392
 134.00000   0.00188 -164.9464   0.02271   49.8965
 135.00000   0.00058   15.2629   0.02299   49.7608
 136.00000   0.00302   15.4813   0.02320   49.6317
 137.00000   0.00544   15.7095   0.02333   49.5087
 138.00000   0.00783   15.9485   0.02337   49.3915
 139.00000   0.01017   16.1992   0.02332   49.2799
 140.00000   0.01245   16.4625   0.02318   49.1736
 141.00000   0.01467   16.7397   0.02294   49.0722
 142.00000   0.01681   17.0317   0.02260   48.9755
 143.00000   0.01886   17.3400   0.02216   48.8833
 144.00000   0.02081   17.6658   0.02162   48.7955
 145.00000   0.02266   18.0108   0.02097   48.7116
 146.00000   0.02438   18.3765   0.02021   48.6317
 147.00000   0.02598   18.7646   0.01935   48.5556
 148.00000   0.02745   19.1772   0.01838   48.4830
 149.00000   0.02878   19.6161   0.01731   48.4138
 150.00000   0.02997   20.0837   0.01614   48.3479
 151.00000   0.03101   20.5823   0.01488   48.2851
 152.00000   0.03190   21.1144   0.01352   48.2254
 153.00000   0.03264   21.6827   0.01207   48.1686
 154.00000   0.03323   22.2900   0.01054   48.1146
 155.00000   0.03367   22.9391   0.00894   48.0634
 156.00000   0.03397   23.6331   0.00726   48.0148
 157.00000   0.03412   24.3749   0.00554   47.9687
 158.00000   0.03415   25.1676   0.00376   47.9251
 159.00000   0.03405   26.0139   0.00194   47.8839
 160.00000   0.03384   26.9163   0.00010   47.8450
 161.00000   0.03353   27.8767   0.00176 -132.1916
 162.00000   0.03313   28.8966   0.00363 -132.2261
 163.00000   0.03264   29.9763   0.00549 -132.2583
 164.00000   0.03210   31.1148   0.00733 -132.2885
 165.00000   0.03150   32.3096   0.00914 -132.3167
 166.00000   0.03087   33.5560   0.01091 -132.3428
 167.00000   0.03022   34.8469   0.01262 -132.3669
 168.00000   0.02957   36.1723   0.01426 -132.3892
 169.00000   0.02892   37.5192   0.01582 -132.4095
 170.00000   0.02829   38.8712   0.01729 -132.4280
 171.00000   0.02769   40.2083   0.01866 -132.4446
 172.00000   0.02713   41.5080   0.01991 -132.4594
 173.00000   0.02662   42.7447   0.02104 -132.4725
 174.00000   0.02617   43.8916   0.02203 -132.4837
 175.00000   0.02579   44.9212   0.02289 -132.4932
 176.00000   0.02546   45.8069   0.02360 -132.5009
 177.00000   0.02521   46.5243   0.02416 -132.5070
 178.00000   0.02503   47.0527   0.02456 -132.5112
 179.00000   0.02492   47.3763   0.02480 -132.5138
 180.00000   0.02488   47.4853   0.02488 -132.5147
