   0.00000   1.00000   80.8568   1.00000   80.8568
   1.00000   0.99907   80.8568   0.99941   80.8568
   2.00000   0.99628   80.8567   0.99763   80.8568
   3.00000   0.99166   80.8566   0.99468   80.8568
   4.00000   0.98521   80.8565   0.99057   80.8568
   5.00000   0.97698   80.8563   0.98531   80.8568
   6.00000   0.96701   80.8560   0.97893   80.8568
   7.00000   0.95533   80.8557   0.97144   80.8568
   8.00000   0.94202   80.8554   0.96288   80.8568
   9.00000   0.92713   80.8550   0.95327   80.8568
  10.00000   0.91074   80.8546   0.94267   80.8568
  11.00000   0.89292   80.8541   0.93110   80.8568
  12.00000   0.87375   80.8535   0.91861   80.8568
  13.00000   0.85333   80.8529   0.90524   80.8568
  14.00000   0.83175   80.8522   0.89105   80.8568
  15.00000   0.80911   80.8515   0.87609   80.8568
  16.00000   0.78550   80.8506   0.86040   80.8568
  17.00000   0.76102   80.8497   0.84404   80.8568
  18.00000   0.73579   80.8488   0.82707   80.8568
  19.00000   0.70990   80.8477   0.80955   80.8568
  20.00000   0.68346   80.8465   0.79152   80.8568
  21.00000   0.65657   80.8453   0.77305   80.8568
  22.00000   0.62934   80.8439   0.75420   80.8568
  23.00000   0.60186   80.8424   0.73503   80.8568
  24.00000   0.57423   80.8408   0.71558   80.8568
  25.00000   0.54656   80.8390   0.69592   80.8568
  26.00000   0.51893   80.8371   0.67609   80.8568
  27.00000   0.49143   80.8350   0.65616   80.8568
  28.00000   0.46415   80.8327   0.63618   80.8568
  29.00000   0.43716   80.8301   0.61619   80.8568
  30.00000   0.41053   80.8274   0.59624   80.8568
  31.00000   0.38435   80.8243   0.57638   80.8568
  32.00000   0.35866   80.8208   0.55665   80.8568
  33.00000   0.33354   80.8170   0.53710   80.8568
  34.00000   0.30903   80.8128   0.51775   80.8568
  35.00000   0.28518   80.8080   0.49865   80.8568
  36.00000   0.26203   80.8026   0.47983   80.8568
  37.00000   0.23962   80.7965   0.46132   80.8568
  38.00000   0.21798   80.7895   0.44316   80.8568
  39.00000   0.19713   80.7813   0.42535   80.8568
  40.00000   0.17709   80.7718   0.40793   80.8568
  41.00000   0.15789   80.7606   0.39092   80.8568
  42.00000   0.13953   80.7471   0.37433   80.8568
  43.00000   0.12201   80.7306   0.35818   80.8568
  44.00000   0.10534   80.7100   0.34249   80.8568
  45.00000   0.08952   80.6837   0.32725   80.8568
  46.00000   0.07454   80.6487   0.31249   80.8568
  47.00000   0.06039   80.6002   0.29821   80.8568
  48.00000   0.04706   80.5283   0.28440   80.8568
  49.00000   0.03454   80.4108   0.27108   80.8568
  50.00000   0.02280   80.1846   0.25824   80.8568
  51.00000   0.01183   79.5698   0.24589   80.8568
  52.00000   0.00163   71.5444   0.23402   80.8568
  53.00000   0.00790  -97.2453   0.22262   80.8568
  54.00000   0.01669  -98.2546   0.21169   80.8568
  55.00000   0.02482  -98.5522   0.20123   80.8568
  56.00000   0.03231  -98.6945   0.19123   80.8568
  57.00000   0.03917  -98.7780   0.18167   80.8568
  58.00000   0.04544  -98.8328   0.17255   80.8568
  59.00000   0.05115  -98.8715   0.16386   80.8568
  60.00000   0.05632  -98.9003   0.15559   80.8568
  61.00000   0.06099  -98.9226   0.14773   80.8568
  62.00000   0.06517  -98.9404   0.14026   80.8568
  63.00000   0.06890  -98.9548   0.13318   80.8568
  64.00000   0.07221  -98.9668   0.12647   80.8568
  65.00000   0.07511  -98.9769   0.12012   80.8568
  66.00000   0.07764  -98.9856   0.11411   80.8568
  67.00000   0.07982  -98.9930   0.10844   80.8568
  68.00000   0.08167  -98.9996   0.10310   80.8568
  69.00000   0.08321  -99.0053   0.09806   80.8568
  70.00000   0.08447  -99.0104   0.09333   80.8568
  71.00000   0.08547  -99.0149   0.08888   80.8568
  72.00000   0.08623  -99.0190   0.08470   80.8568
  73.00000   0.08676  -99.0227   0.08079   80.8568
  74.00000   0.08708  -99.0260   0.07713   80.8568
  75.00000   0.08721  -99.0291   0.07371   80.8568
  76.00000   0.08717  -99.0319   0.07052   80.8568
  77.00000   0.08696  -99.0344   0.06756   80.8568
  78.00000   0.08661  -99.0368   0.06480   80.8568
  79.00000   0.08612  -99.0390   0.06224   80.8568
  80.00000   0.08550  -99.0410   0.05987   80.8568
  81.00000   0.08478  -99.0429   0.05768   80.8568
  82.00000   0.08394  -99.0447   0.05567   80.8568
  83.00000   0.08301  -99.0463   0.05381   80.8568
  84.00000   0.08200  -99.0479   0.05212   80.8568
  85.00000   0.08090  -99.0493   0.05057   80.8568
  86.00000   0.07973  -99.0507   0.04917   80.8568
  87.00000   0.07848  -99.0520   0.04790   80.8568
  88.00000   0.07718  -99.0532   0.04676   80.8568
  89.00000   0.07581  -99.0544   0.04573   80.8568
  90.00000   0.07438  -99.0555   0.04482   80.8568
  91.00000   0.07291  -99.0565   0.04402   80.8568
  92.00000   0.07138  -99.0575   0.04332   80.8568
  93.00000   0.06980  -99.0585   0.04272   80.8568
  94.00000   0.06817  -99.0594   0.04221   80.8568
  95.00000   0.06649  -99.0602   0.04179   80.8568
  96.00000   0.06477  -99.0611   0.04144   80.8568
  97.00000   0.06301  -99.0619   0.04118   80.8568
  98.00000   0.06120  -99.0627   0.04098   80.8568
  99.00000   0.05934  -99.0634   0.04085   80.8568
 100.00000   0.05744  -99.0641   0.04079   80.8568
 101.00000   0.05549  -99.0648   0.04078   80.8568
 102.00000   0.05350  -99.0655   0.04082   80.8568
 103.00000   0.05146  -99.0661   0.04091   80.8568
 104.00000   0.04938  -99.0668   0.04105   80.8568
 105.00000   0.04724  -99.0674   0.04123   80.8568
 106.00000   0.04506  -99.0680   0.04145   80.8568
 107.00000   0.04283  -99.0686   0.04169   80.8568
 108.00000   0.04055  -99.0691   0.04197   80.8568
 109.00000   0.03822  -99.0697   0.04226   80.8568
 110.00000   0.03585  -99.0703   0.04258   80.8568
 111.00000   0.03342  -99.0708   0.04291   80.8568
 112.00000   0.03095  -99.0713   0.04324   80.8568
 113.00000   0.02842  -99.0719   0.04359   80.8568
 114.00000   0.02586  -99.0724   0.04393   80.8568
 115.00000   0.02324  -99.0729   0.04427   80.8568
 116.00000   0.02059  -99.0734   0.04459   80.8568
 117.00000   0.01789  -99.0739   0.04491   80.8568
 118.00000   0.01515  -99.0744   0.04520   80.8568
 119.00000   0.01238  -99.0749   0.04547   80.8568
 120.00000   0.00958  -99.0754   0.04570   80.8568
 121.00000   0.00675  -99.0759   0.04591   80.8568
 122.00000   0.00389  -99.0764   0.04607   80.8568
 123.00000   0.00102  -99.0770   0.04618   80.8568
 124.00000   0.00187   80.9225   0.04624   80.8568
 125.00000   0.00476   80.9220   0.04625   80.8568
 126.00000   0.00766   80.9215   0.04619   80.8568
 127.00000   0.01055   80.9210   0.04607   80.8568
 128.00000   0.01343   80.9204   0.04588   80.8568
 129.00000   0.01629   80.9199   0.04561   80.8568
 130.00000   0.01912   80.9193   0.04525   80.8568
 131.00000   0.02192   80.9188   0.04481   80.8568
 132.00000   0.02468   80.9182   0.04428   80.8568
 133.00000   0.02738   80.9176   0.04365   80.8568
 134.00000   0.03002   80.9170   0.04293   80.8568
 135.00000   0.03260   80.9163   0.04210   80.8568
 136.00000   0.03510   80.9157   0.04117   80.8568
 137.00000   0.03751   80.9150   0.04013   80.8568
 138.00000   0.03983   80.9143   0.03898   80.8568
 139.00000   0.04204   80.9136   0.03772   80.8568
 140.00000   0.04415   80.9129   0.03635   80.8568
 141.00000   0.04614   80.9121   0.03486   80.8568
 142.00000   0.04800   80.9113   0.03327   80.8568
 143.00000   0.04974   80.9105   0.03156   80.8568
 144.00000   0.05133   80.9096   0.02974   80.8568
 145.00000   0.05279   80.9087   0.02781   80.8568
 146.00000   0.05410   80.9078   0.02578   80.8568
 147.00000   0.05526   80.9068   0.02365   80.8568
 148.00000   0.05627   80.9058   0.02142   80.8568
 149.00000   0.05713   80.9047   0.01910   80.8568
 150.00000   0.05784   80.9036   0.01669   80.8568
 151.00000   0.05839   80.9024   0.01421   80.8568
 152.00000   0.05880   80.9012   0.01166   80.8568
 153.00000   0.05906   80.8999   0.00905   80.8568
 154.00000   0.05917   80.8985   0.00638   80.8568
 155.00000   0.05915   80.8971   0.00367   80.8568
 156.00000   0.05900   80.8956   0.00093   80.8568
 157.00000   0.05872   80.8941   0.00184  -99.1432
 158.00000   0.05833   80.8924   0.00461  -99.1432
 159.00000   0.05783   80.8908   0.00738  -99.1432
 160.00000   0.05724   80.8890   0.01014  -99.1432
 161.00000   0.05656   80.8872   0.01287  -99.1432
 162.00000   0.05581   80.8853   0.01557  -99.1432
 163.00000   0.05500   80.8833   0.01821  -99.1432
 164.00000   0.05414   80.8813   0.02078  -99.1432
 165.00000   0.05324   80.8793   0.02328  -99.1432
 166.00000   0.05232   80.8772   0.02569  -99.1432
 167.00000   0.05140   80.8751   0.02799  -99.1432
 168.00000   0.05048   80.8730   0.03018  -99.1432
 169.00000   0.04958   80.8710   0.03224  -99.1432
 170.00000   0.04870   80.8689   0.03417  -99.1432
 171.00000   0.04788   80.8669   0.03594  -99.1432
 172.00000   0.04710   80.8651   0.03756  -99.1432
 173.00000   0.04639   80.8633   0.03901  -99.1432
 174.00000   0.04575   80.8617   0.04028  -99.1432
 175.00000   0.04520   80.8603   0.04137  -99.1432
 176.00000   0.04473   80.8591   0.04227  -99.1432
 177.00000   0.04437   80.8581   0.04297  -99.1432
 178.00000   0.04410   80.8574   0.04348  -99.1432
 179.00000   0.04394   80.8570   0.04378  -99.1432
 180.00000   0.04389   80.8568   0.04389  -99.1432
