   0.00000   1.00000  100.0830   1.00000  100.0830
   1.00000   0.99917  100.0836   0.99948  100.0830
   2.00000   0.99668  100.0855   0.99791  100.0830
   3.00000   0.99254  100.0886   0.99530  100.0830
   4.00000   0.98678  100.0929   0.99167  100.0830
   5.00000   0.97941  100.0986   0.98702  100.0830
   6.00000   0.97047  100.1055   0.98137  100.0830
   7.00000   0.96001  100.1138   0.97474  100.0830
   8.00000   0.94806  100.1234   0.96716  100.0830
   9.00000   0.93468  100.1345   0.95864  100.0830
  10.00000   0.91994  100.1469   0.94923  100.0830
  11.00000   0.90388  100.1609   0.93895  100.0830
  12.00000   0.88659  100.1764   0.92783  100.0830
  13.00000   0.86814  100.1935   0.91593  100.0830
  14.00000   0.84860  100.2123   0.90326  100.0830
  15.00000   0.82806  100.2328   0.88989  100.0830
  16.00000   0.80659  100.2552   0.87584  100.0830
  17.00000   0.78429  100.2796   0.86117  100.0830
  18.00000   0.76123  100.3061   0.84592  100.0830
  19.00000   0.73752  100.3348   0.83014  100.0830
  20.00000   0.71324  100.3658   0.81387  100.0830
  21.00000   0.68847  100.3994   0.79717  100.0830
  22.00000   0.66331  100.4357   0.78008  100.0830
  23.00000   0.63785  100.4749   0.76265  100.0830
  24.00000   0.61216  100.5172   0.74493  100.0830
  25.00000   0.58634  100.5630   0.72696  100.0830
  26.00000   0.56046  100.6126   0.70880  100.0830
  27.00000   0.53460  100.6662   0.69048  100.0830
  28.00000   0.50884  100.7243   0.67206  100.0830
  29.00000   0.48325  100.7873   0.65358  100.0830
  30.00000   0.45790  100.8559   0.63507  100.0830
  31.00000   0.43286  100.9304   0.61659  100.0830
  32.00000   0.40817  101.0118   0.59816  100.0830
  33.00000   0.38391  101.1008   0.57983  100.0830
  34.00000   0.36012  101.1983   0.56163  100.0830
  35.00000   0.33684  101.3056   0.54359  100.0830
  36.00000   0.31413  101.4240   0.52575  100.0830
  37.00000   0.29201  101.5552   0.50814  100.0830
  38.00000   0.27053  101.7012   0.49077  100.0830
  39.00000   0.24971  101.8645   0.47368  100.0830
  40.00000   0.22958  102.0480   0.45689  100.0830
  41.00000   0.21015  102.2557   0.44043  100.0830
  42.00000   0.19144  102.4925   0.42430  100.0830
  43.00000   0.17347  102.7645   0.40852  100.0830
  44.00000   0.15625  103.0801   0.39312  100.0830
  45.00000   0.13978  103.4503   0.37810  100.0830
  46.00000   0.12407  103.8902   0.36347  100.0830
  47.00000   0.10911  104.4210   0.34924  100.0830
  48.00000   0.09490  105.0737   0.33542  100.0830
  49.00000   0.08144  105.8947   0.32202  100.0830
  50.00000   0.06872  106.9577   0.30904  100.0830
  51.00000   0.05675  108.3858   0.29647  100.0830
  52.00000   0.04551  110.4018   0.28433  100.0830
  53.00000   0.03504  113.4506   0.27261  100.0830
  54.00000   0.02538  118.5526   0.26131  100.0830
  55.00000   0.01673  128.5426   0.25043  100.0830
  56.00000   0.00989  152.9862   0.23996  100.0830
  57.00000   0.00810 -154.4740   0.22990  100.0830
  58.00000   0.01239 -118.4346   0.22024  100.0830
  59.00000   0.01832 -104.4820   0.21098  100.0830
  60.00000   0.02427  -97.9398   0.20211  100.0830
  61.00000   0.02991  -94.2393   0.19362  100.0830
  62.00000   0.03514  -91.8785   0.18551  100.0830
  63.00000   0.03995  -90.2468   0.17776  100.0830
  64.00000   0.04433  -89.0537   0.17037  100.0830
  65.00000   0.04830  -88.1442   0.16333  100.0830
  66.00000   0.05187  -87.4285   0.15662  100.0830
  67.00000   0.05507  -86.8508   0.15024  100.0830
  68.00000   0.05790  -86.3749   0.14418  100.0830
  69.00000   0.06038  -85.9762   0.13842  100.0830
  70.00000   0.06255  -85.6373   0.13296  100.0830
  71.00000   0.06441  -85.3459   0.12780  100.0830
  72.00000   0.06598  -85.0926   0.12290  100.0830
  73.00000   0.06727  -84.8705   0.11828  100.0830
  74.00000   0.06832  -84.6741   0.11391  100.0830
  75.00000   0.06912  -84.4992   0.10979  100.0830
  76.00000   0.06970  -84.3425   0.10591  100.0830
  77.00000   0.07007  -84.2013   0.10226  100.0830
  78.00000   0.07024  -84.0733   0.09883  100.0830
  79.00000   0.07023  -83.9569   0.09560  100.0830
  80.00000   0.07004  -83.8505   0.09258  100.0830
  81.00000   0.06970  -83.7528   0.08975  100.0830
  82.00000   0.06920  -83.6629   0.08711  100.0830
  83.00000   0.06856  -83.5798   0.08464  100.0830
  84.00000   0.06779  -83.5027   0.08234  100.0830
  85.00000   0.06689  -83.4311   0.08020  100.0830
  86.00000   0.06587  -83.3642   0.07821  100.0830
  87.00000   0.06474  -83.3018   0.07637  100.0830
  88.00000   0.06351  -83.2432   0.07467  100.0830
  89.00000   0.06218  -83.1882   0.07310  100.0830
  90.00000   0.06076  -83.1364   0.07165  100.0830
  91.00000   0.05924  -83.0876   0.07032  100.0830
  92.00000   0.05764  -83.0413   0.06911  100.0830
  93.00000   0.05596  -82.9975   0.06800  100.0830
  94.00000   0.05420  -82.9560   0.06698  100.0830
  95.00000   0.05237  -82.9164   0.06607  100.0830
  96.00000   0.05046  -82.8787   0.06524  100.0830
  97.00000   0.04849  -82.8427   0.06449  100.0830
  98.00000   0.04644  -82.8083   0.06382  100.0830
  99.00000   0.04433  -82.7754   0.06322  100.0830
 100.00000   0.04216  -82.7437   0.06269  100.0830
 101.00000   0.03992  -82.7133   0.06222  100.0830
 102.00000   0.03762  -82.6840   0.06180  100.0830
 103.00000   0.03526  -82.6557   0.06143  100.0830
 104.00000   0.03285  -82.6284   0.06111  100.0830
 105.00000   0.03037  -82.6020   0.06083  100.0830
 106.00000   0.02785  -82.5764   0.06058  100.0830
 107.00000   0.02527  -82.5515   0.06037  100.0830
 108.00000   0.02264  -82.5273   0.06018  100.0830
 109.00000   0.01996  -82.5037   0.06001  100.0830
 110.00000   0.01723  -82.4806   0.05985  100.0830
 111.00000   0.01446  -82.4581   0.05970  100.0830
 112.00000   0.01164  -82.4360   0.05956  100.0830
 113.00000   0.00879  -82.4143   0.05941  100.0830
 114.00000   0.00590  -82.3930   0.05926  100.0830
 115.00000   0.00298  -82.3720   0.05910  100.0830
 116.00000   0.00003  -82.3513   0.05893  100.0830
 117.00000   0.00295   97.6692   0.05873  100.0830
 118.00000   0.00595   97.6895   0.05850  100.0830
 119.00000   0.00896   97.7096   0.05824  100.0830
 120.00000   0.01198   97.7297   0.05795  100.0830
 121.00000   0.01501   97.7497   0.05761  100.0830
 122.00000   0.01804   97.7696   0.05722  100.0830
 123.00000   0.02106   97.7896   0.05679  100.0830
 124.00000   0.02407   97.8096   0.05629  100.0830
 125.00000   0.02705   97.8297   0.05573  100.0830
 126.00000   0.03001   97.8499   0.05511  100.0830
 127.00000   0.03294   97.8703   0.05441  100.0830
 128.00000   0.03582   97.8909   0.05364  100.0830
 129.00000   0.03865   97.9118   0.05278  100.0830
 130.00000   0.04142   97.9330   0.05185  100.0830
 131.00000   0.04413   97.9545   0.05082  100.0830
 132.00000   0.04676   97.9764   0.04971  100.0830
 133.00000   0.04931   97.9988   0.04850  100.0830
 134.00000   0.05177   98.0217   0.04719  100.0830
 135.00000   0.05413   98.0451   0.04578  100.0830
 136.00000   0.05639   98.0691   0.04428  100.0830
 137.00000   0.05853   98.0938   0.04267  100.0830
 138.00000   0.06055   98.1192   0.04096  100.0830
 139.00000   0.06245   98.1454   0.03914  100.0830
 140.00000   0.06421   98.1725   0.03723  100.0830
 141.00000   0.06583   98.2005   0.03521  100.0830
 142.00000   0.06731   98.2294   0.03309  100.0830
 143.00000   0.06863   98.2595   0.03087  100.0830
 144.00000   0.06981   98.2907   0.02856  100.0830
 145.00000   0.07083   98.3231   0.02615  100.0830
 146.00000   0.07170   98.3569   0.02366  100.0830
 147.00000   0.07241   98.3920   0.02108  100.0830
 148.00000   0.07296   98.4286   0.01842  100.0830
 149.00000   0.07335   98.4668   0.01570  100.0830
 150.00000   0.07359   98.5067   0.01290  100.0830
 151.00000   0.07367   98.5484   0.01005  100.0830
 152.00000   0.07361   98.5918   0.00715  100.0830
 153.00000   0.07341   98.6372   0.00421  100.0830
 154.00000   0.07307   98.6846   0.00124  100.0830
 155.00000   0.07260   98.7341   0.00175  -79.9170
 156.00000   0.07200   98.7857   0.00476  -79.9170
 157.00000   0.07130   98.8395   0.00777  -79.9170
 158.00000   0.07049   98.8955   0.01076  -79.9170
 159.00000   0.06960   98.9536   0.01374  -79.9170
 160.00000   0.06862   99.0139   0.01668  -79.9170
 161.00000   0.06758   99.0763   0.01958  -79.9170
 162.00000   0.06648   99.1406   0.02242  -79.9170
 163.00000   0.06533   99.2067   0.02519  -79.9170
 164.00000   0.06416   99.2743   0.02788  -79.9170
 165.00000   0.06297   99.3431   0.03048  -79.9170
 166.00000   0.06178   99.4127   0.03298  -79.9170
 167.00000   0.06061   99.4827   0.03535  -79.9170
 168.00000   0.05945   99.5525   0.03761  -79.9170
 169.00000   0.05834   99.6215   0.03972  -79.9170
 170.00000   0.05727   99.6888   0.04169  -79.9170
 171.00000   0.05627   99.7537   0.04350  -79.9170
 172.00000   0.05534   99.8153   0.04514  -79.9170
 173.00000   0.05449   99.8727   0.04662  -79.9170
 174.00000   0.05374   99.9249   0.04791  -79.9170
 175.00000   0.05309   99.9710   0.04901  -79.9170
 176.00000   0.05254  100.0101   0.04992  -79.9170
 177.00000   0.05212  100.0415   0.05063  -79.9170
 178.00000   0.05181  100.0644   0.05114  -79.9170
 179.00000   0.05162  100.0783   0.05145  -79.9170
 180.00000   0.05156  100.0830   0.05156  -79.9170
