   0.00000   1.00000  164.2460   1.00000  164.2460
   1.00000   0.99871  164.2521   0.99913  164.2441
   2.00000   0.99485  164.2706   0.99654  164.2386
   3.00000   0.98845  164.3016   0.99222  164.2294
   4.00000   0.97954  164.3453   0.98622  164.2164
   5.00000   0.96820  164.4019   0.97855  164.1997
   6.00000   0.95448  164.4718   0.96926  164.1792
   7.00000   0.93849  164.5556   0.95840  164.1548
   8.00000   0.92032  164.6539   0.94602  164.1266
   9.00000   0.90009  164.7672   0.93218  164.0943
  10.00000   0.87792  164.8964   0.91696  164.0579
  11.00000   0.85397  165.0426   0.90043  164.0174
  12.00000   0.82837  165.2068   0.88267  163.9726
  13.00000   0.80128  165.3905   0.86376  163.9234
  14.00000   0.77285  165.5950   0.84380  163.8697
  15.00000   0.74327  165.8223   0.82288  163.8112
  16.00000   0.71269  166.0743   0.80109  163.7479
  17.00000   0.68129  166.3536   0.77853  163.6795
  18.00000   0.64924  166.6631   0.75530  163.6059
  19.00000   0.61670  167.0059   0.73151  163.5267
  20.00000   0.58385  167.3862   0.70723  163.4419
  21.00000   0.55084  167.8084   0.68259  163.3510
  22.00000   0.51785  168.2783   0.65766  163.2539
  23.00000   0.48501  168.8025   0.63255  163.1500
  24.00000   0.45248  169.3890   0.60734  163.0392
  25.00000   0.42039  170.0476   0.58212  162.9210
  26.00000   0.38888  170.7902   0.55698  162.7950
  27.00000   0.35807  171.6318   0.53200  162.6606
  28.00000   0.32808  172.5909   0.50724  162.5174
  29.00000   0.29900  173.6911   0.48279  162.3648
  30.00000   0.27095  174.9622   0.45870  162.2020
  31.00000   0.24401  176.4434   0.43504  162.0285
  32.00000   0.21827  178.1858   0.41185  161.8433
  33.00000   0.19383 -179.7425   0.38921  161.6457
  34.00000   0.17077 -177.2492   0.36713  161.4345
  35.00000   0.14919 -174.2087   0.34567  161.2088
  36.00000   0.12921 -170.4479   0.32486  160.9672
  37.00000   0.11099 -165.7297   0.30472  160.7084
  38.00000   0.09472 -159.7379   0.28528  160.4307
  39.00000   0.08071 -152.0847   0.26657  160.1325
  40.00000   0.06933 -142.3916   0.24858  159.8117
  41.00000   0.06103 -130.5319   0.23134  159.4660
  42.00000   0.05616 -117.0225   0.21484  159.0927
  43.00000   0.05469 -103.1668   0.19909  158.6890
  44.00000   0.05607  -90.4673   0.18409  158.2512
  45.00000   0.05943  -79.8067   0.16984  157.7753
  46.00000   0.06393  -71.2923   0.15632  157.2568
  47.00000   0.06891  -64.6144   0.14352  156.6900
  48.00000   0.07396  -59.3716   0.13143  156.0685
  49.00000   0.07879  -55.2128   0.12004  155.3848
  50.00000   0.08326  -51.8674   0.10932  154.6296
  51.00000   0.08728  -49.1365   0.09927  153.7921
  52.00000   0.09080  -46.8755   0.08986  152.8589
  53.00000   0.09382  -44.9788   0.08107  151.8141
  54.00000   0.09633  -43.3687   0.07287  150.6379
  55.00000   0.09836  -41.9873   0.06526  149.3057
  56.00000   0.09993  -40.7907   0.05821  147.7870
  57.00000   0.10106  -39.7452   0.05169  146.0433
  58.00000   0.10179  -38.8246   0.04570  144.0258
  59.00000   0.10215  -38.0083   0.04020  141.6723
  60.00000   0.10218  -37.2800   0.03519  138.9028
  61.00000   0.10191  -36.6264   0.03066  135.6151
  62.00000   0.10137  -36.0367   0.02659  131.6798
  63.00000   0.10059  -35.5021   0.02299  126.9375
  64.00000   0.09960  -35.0154   0.01986  121.2034
  65.00000   0.09843  -34.5703   0.01721  114.2907
  66.00000   0.09711  -34.1619   0.01506  106.0693
  67.00000   0.09566  -33.7857   0.01343   96.5704
  68.00000   0.09410  -33.4381   0.01231   86.1042
  69.00000   0.09246  -33.1158   0.01167   75.2822
  70.00000   0.09076  -32.8163   0.01146   64.8477
  71.00000   0.08901  -32.5370   0.01156   55.4007
  72.00000   0.08723  -32.2759   0.01188   47.2375
  73.00000   0.08544  -32.0313   0.01232   40.3793
  74.00000   0.08364  -31.8015   0.01281   34.6917
  75.00000   0.08185  -31.5852   0.01331   29.9869
  76.00000   0.08008  -31.3812   0.01379   26.0811
  77.00000   0.07834  -31.1882   0.01422   22.8161
  78.00000   0.07663  -31.0054   0.01460   20.0638
  79.00000   0.07497  -30.8318   0.01490   17.7231
  80.00000   0.07335  -30.6667   0.01515   15.7150
  81.00000   0.07179  -30.5094   0.01532   13.9778
  82.00000   0.07028  -30.3592   0.01543   12.4633
  83.00000   0.06882  -30.2155   0.01548   11.1334
  84.00000   0.06743  -30.0778   0.01546    9.9579
  85.00000   0.06609  -29.9457   0.01538    8.9124
  86.00000   0.06482  -29.8186   0.01525    7.9774
  87.00000   0.06360  -29.6962   0.01506    7.1370
  88.00000   0.06245  -29.5781   0.01482    6.3779
  89.00000   0.06135  -29.4639   0.01454    5.6895
  90.00000   0.06031  -29.3534   0.01420    5.0625
  91.00000   0.05932  -29.2462   0.01383    4.4895
  92.00000   0.05839  -29.1420   0.01341    3.9640
  93.00000   0.05750  -29.0406   0.01295    3.4805
  94.00000   0.05665  -28.9418   0.01245    3.0344
  95.00000   0.05585  -28.8453   0.01191    2.6217
  96.00000   0.05509  -28.7509   0.01134    2.2390
  97.00000   0.05436  -28.6583   0.01072    1.8831
  98.00000   0.05365  -28.5675   0.01008    1.5516
  99.00000   0.05297  -28.4782   0.00940    1.2421
 100.00000   0.05231  -28.3902   0.00869    0.9525
 101.00000   0.05167  -28.3033   0.00794    0.6812
 102.00000   0.05103  -28.2175   0.00716    0.4265
 103.00000   0.05040  -28.1324   0.00635    0.1871
 104.00000   0.04977  -28.0481   0.00550   -0.0384
 105.00000   0.04913  -27.9642   0.00463   -0.2510
 106.00000   0.04848  -27.8807   0.00372   -0.4517
 107.00000   0.04781  -27.7973   0.00278   -0.6414
 108.00000   0.04712  -27.7141   0.00182   -0.8210
 109.00000   0.04640  -27.6307   0.00082   -0.9912
 110.00000   0.04564  -27.5471   0.00020  178.8474
 111.00000   0.04485  -27.4630   0.00125  178.6942
 112.00000   0.04401  -27.3784   0.00232  178.5486
 113.00000   0.04312  -27.2931   0.00342  178.4100
 114.00000   0.04218  -27.2070   0.00454  178.2782
 115.00000   0.04118  -27.1197   0.00568  178.1525
 116.00000   0.04011  -27.0313   0.00684  178.0327
 117.00000   0.03898  -26.9415   0.00801  177.9184
 118.00000   0.03778  -26.8501   0.00920  177.8093
 119.00000   0.03650  -26.7570   0.01039  177.7051
 120.00000   0.03515  -26.6620   0.01159  177.6054
 121.00000   0.03372  -26.5648   0.01278  177.5101
 122.00000   0.03221  -26.4652   0.01398  177.4189
 123.00000   0.03062  -26.3631   0.01517  177.3316
 124.00000   0.02895  -26.2582   0.01634  177.2480
 125.00000   0.02719  -26.1502   0.01750  177.1679
 126.00000   0.02536  -26.0389   0.01863  177.0910
 127.00000   0.02345  -25.9240   0.01973  177.0174
 128.00000   0.02146  -25.8052   0.02080  176.9467
 129.00000   0.01940  -25.6822   0.02182  176.8790
 130.00000   0.01728  -25.5547   0.02279  176.8139
 131.00000   0.01510  -25.4223   0.02371  176.7515
 132.00000   0.01285  -25.2846   0.02456  176.6915
 133.00000   0.01057  -25.1412   0.02534  176.6339
 134.00000   0.00824  -24.9917   0.02605  176.5787
 135.00000   0.00587  -24.8357   0.02666  176.5256
 136.00000   0.00349  -24.6726   0.02719  176.4745
 137.00000   0.00109  -24.5019   0.02761  176.4255
 138.00000   0.00131  155.6769   0.02793  176.3785
 139.00000   0.00371  155.8646   0.02814  176.3333
 140.00000   0.00608  156.0616   0.02822  176.2899
 141.00000   0.00843  156.2688   0.02818  176.2482
 142.00000   0.01073  156.4868   0.02801  176.2081
 143.00000   0.01298  156.7166   0.02771  176.1697
 144.00000   0.01517  156.9588   0.02727  176.1328
 145.00000   0.01727  157.2145   0.02669  176.0974
 146.00000   0.01930  157.4846   0.02597  176.0635
 147.00000   0.02122  157.7702   0.02510  176.0309
 148.00000   0.02304  158.0723   0.02409  175.9997
 149.00000   0.02475  158.3922   0.02293  175.9698
 150.00000   0.02633  158.7309   0.02164  175.9412
 151.00000   0.02779  159.0898   0.02021  175.9139
 152.00000   0.02911  159.4702   0.01865  175.8877
 153.00000   0.03029  159.8733   0.01697  175.8627
 154.00000   0.03133  160.3006   0.01516  175.8389
 155.00000   0.03223  160.7534   0.01325  175.8162
 156.00000   0.03299  161.2328   0.01124  175.7945
 157.00000   0.03361  161.7402   0.00914  175.7739
 158.00000   0.03409  162.2766   0.00696  175.7544
 159.00000   0.03444  162.8427   0.00471  175.7358
 160.00000   0.03466  163.4392   0.00242  175.7183
 161.00000   0.03477  164.0663   0.00009  175.7017
 162.00000   0.03478  164.7236   0.00225   -4.3139
 163.00000   0.03468  165.4101   0.00461   -4.3286
 164.00000   0.03450  166.1242   0.00694   -4.3423
 165.00000   0.03424  166.8633   0.00925   -4.3552
 166.00000   0.03393  167.6235   0.01151   -4.3671
 167.00000   0.03356  168.4001   0.01370   -4.3782
 168.00000   0.03316  169.1866   0.01582   -4.3884
 169.00000   0.03274  169.9755   0.01783   -4.3978
 170.00000   0.03231  170.7574   0.01973   -4.4063
 171.00000   0.03188  171.5217   0.02150   -4.4140
 172.00000   0.03146  172.2567   0.02313   -4.4208
 173.00000   0.03107  172.9494   0.02460   -4.4268
 174.00000   0.03071  173.5865   0.02590   -4.4320
 175.00000   0.03039  174.1543   0.02701   -4.4364
 176.00000   0.03012  174.6399   0.02794   -4.4400
 177.00000   0.02991  175.0314   0.02867   -4.4428
 178.00000   0.02975  175.3188   0.02920   -4.4448
 179.00000   0.02966  175.4945   0.02952   -4.4460
 180.00000   0.02962  175.5536   0.02962   -4.4464
