   0.00000   1.00000  -73.8835   1.00000  -73.8835
   1.00000   0.99728  -73.8932   0.99791  -73.8740
   2.00000   0.98916  -73.9223   0.99166  -73.8454
   3.00000   0.97574  -73.9711   0.98131  -73.7975
   4.00000   0.95720  -74.0401   0.96698  -73.7297
   5.00000   0.93377  -74.1303   0.94881  -73.6412
   6.00000   0.90576  -74.2425   0.92700  -73.5313
   7.00000   0.87351  -74.3782   0.90178  -73.3987
   8.00000   0.83744  -74.5391   0.87339  -73.2418
   9.00000   0.79798  -74.7273   0.84212  -73.0589
  10.00000   0.75561  -74.9455   0.80828  -72.8476
  11.00000   0.71082  -75.1970   0.77221  -72.6054
  12.00000   0.66413  -75.4860   0.73424  -72.3290
  13.00000   0.61606  -75.8176   0.69472  -72.0143
  14.00000   0.56713  -76.1985   0.65402  -71.6566
  15.00000   0.51785  -76.6371   0.61247  -71.2501
  16.00000   0.46870  -77.1446   0.57044  -70.7876
  17.00000   0.42017  -77.7356   0.52827  -70.2601
  18.00000   0.37267  -78.4300   0.48628  -69.6567
  19.00000   0.32662  -79.2557   0.44478  -68.9634
  20.00000   0.28238  -80.2523   0.40407  -68.1623
  21.00000   0.24027  -81.4793   0.36441  -67.2305
  22.00000   0.20058  -83.0288   0.32606  -66.1378
  23.00000   0.16356  -85.0528   0.28924  -64.8439
  24.00000   0.12944  -87.8188   0.25416  -63.2940
  25.00000   0.09846  -91.8428   0.22099  -61.4118
  26.00000   0.07094  -98.2378   0.18991  -59.0890
  27.00000   0.04758 -109.7454   0.16108  -56.1681
  28.00000   0.03046 -133.3745   0.13467  -52.4141
  29.00000   0.02484 -174.8035   0.11089  -47.4715
  30.00000   0.03137  151.5160   0.09001  -40.8025
  31.00000   0.04177  134.9049   0.07246  -31.6395
  32.00000   0.05172  126.1953   0.05887  -19.1052
  33.00000   0.06007  120.8636   0.05000   -2.9135
  34.00000   0.06655  117.1618   0.04628   15.3219
  35.00000   0.07116  114.3275   0.04698   32.3220
  36.00000   0.07402  111.9800   0.05047   45.8690
  37.00000   0.07528  109.9048   0.05513   55.8662
  38.00000   0.07512  107.9664   0.05993   63.1377
  39.00000   0.07371  106.0692   0.06429   68.5069
  40.00000   0.07125  104.1363   0.06793   72.5704
  41.00000   0.06791  102.0980   0.07075   75.7262
  42.00000   0.06388   99.8830   0.07271   78.2365
  43.00000   0.05933   97.4107   0.07386   80.2766
  44.00000   0.05441   94.5841   0.07424   81.9659
  45.00000   0.04930   91.2799   0.07392   83.3884
  46.00000   0.04415   87.3376   0.07297   84.6041
  47.00000   0.03911   82.5463   0.07149   85.6570
  48.00000   0.03434   76.6359   0.06954   86.5803
  49.00000   0.03003   69.2850   0.06721   87.3990
  50.00000   0.02637   60.1842   0.06456   88.1328
  51.00000   0.02356   49.2077   0.06165   88.7973
  52.00000   0.02176   36.6937   0.05856   89.4049
  53.00000   0.02105   23.6005   0.05534   89.9660
  54.00000   0.02132   11.1829   0.05204   90.4892
  55.00000   0.02232    0.3639   0.04869   90.9818
  56.00000   0.02378   -8.5548   0.04535   91.4503
  57.00000   0.02545  -15.7167   0.04203   91.9005
  58.00000   0.02718  -21.4335   0.03878   92.3378
  59.00000   0.02884  -26.0215   0.03561   92.7672
  60.00000   0.03037  -29.7431   0.03255   93.1939
  61.00000   0.03172  -32.8004   0.02961   93.6231
  62.00000   0.03287  -35.3443   0.02680   94.0604
  63.00000   0.03382  -37.4872   0.02412   94.5121
  64.00000   0.03456  -39.3128   0.02160   94.9854
  65.00000   0.03511  -40.8842   0.01922   95.4892
  66.00000   0.03548  -42.2494   0.01699   96.0340
  67.00000   0.03569  -43.4456   0.01492   96.6339
  68.00000   0.03574  -44.5016   0.01299   97.3070
  69.00000   0.03565  -45.4403   0.01120   98.0783
  70.00000   0.03545  -46.2799   0.00956   98.9831
  71.00000   0.03514  -47.0351   0.00806  100.0734
  72.00000   0.03475  -47.7179   0.00668  101.4291
  73.00000   0.03428  -48.3382   0.00543  103.1798
  74.00000   0.03376  -48.9042   0.00431  105.5502
  75.00000   0.03319  -49.4227   0.00330  108.9640
  76.00000   0.03259  -49.8994   0.00241  114.3105
  77.00000   0.03196  -50.3392   0.00165  123.7225
  78.00000   0.03132  -50.7462   0.00105  142.8579
  79.00000   0.03067  -51.1241   0.00077 -179.1443
  80.00000   0.03003  -51.4759   0.00091 -140.4455
  81.00000   0.02939  -51.8043   0.00125 -120.7153
  82.00000   0.02877  -52.1116   0.00161 -111.0733
  83.00000   0.02816  -52.3999   0.00193 -105.6413
  84.00000   0.02757  -52.6708   0.00221 -102.2033
  85.00000   0.02701  -52.9262   0.00244  -99.8405
  86.00000   0.02647  -53.1672   0.00262  -98.1176
  87.00000   0.02595  -53.3952   0.00276  -96.8046
  88.00000   0.02547  -53.6113   0.00286  -95.7696
  89.00000   0.02501  -53.8166   0.00291  -94.9317
  90.00000   0.02457  -54.0118   0.00293  -94.2385
  91.00000   0.02416  -54.1978   0.00291  -93.6547
  92.00000   0.02378  -54.3754   0.00285  -93.1558
  93.00000   0.02342  -54.5453   0.00277  -92.7240
  94.00000   0.02307  -54.7079   0.00265  -92.3463
  95.00000   0.02275  -54.8640   0.00250  -92.0128
  96.00000   0.02244  -55.0140   0.00232  -91.7160
  97.00000   0.02213  -55.1583   0.00212  -91.4499
  98.00000   0.02184  -55.2975   0.00189  -91.2098
  99.00000   0.02155  -55.4319   0.00163  -90.9921
 100.00000   0.02126  -55.5618   0.00135  -90.7935
 101.00000   0.02097  -55.6878   0.00104  -90.6117
 102.00000   0.02066  -55.8100   0.00072  -90.4446
 103.00000   0.02035  -55.9287   0.00036  -90.2903
 104.00000   0.02001  -56.0443   0.00001   89.8525
 105.00000   0.01965  -56.1571   0.00040   89.9851
 106.00000   0.01927  -56.2673   0.00081   90.1087
 107.00000   0.01886  -56.3751   0.00124   90.2240
 108.00000   0.01841  -56.4808   0.00169   90.3319
 109.00000   0.01792  -56.5846   0.00215   90.4331
 110.00000   0.01738  -56.6867   0.00263   90.5282
 111.00000   0.01680  -56.7874   0.00311   90.6178
 112.00000   0.01616  -56.8869   0.00361   90.7022
 113.00000   0.01548  -56.9853   0.00410   90.7819
 114.00000   0.01473  -57.0828   0.00460   90.8573
 115.00000   0.01393  -57.1798   0.00510   90.9287
 116.00000   0.01306  -57.2763   0.00559   90.9964
 117.00000   0.01214  -57.3725   0.00608   91.0607
 118.00000   0.01115  -57.4688   0.00654   91.1218
 119.00000   0.01011  -57.5652   0.00699   91.1799
 120.00000   0.00900  -57.6620   0.00742   91.2353
 121.00000   0.00785  -57.7594   0.00781   91.2880
 122.00000   0.00665  -57.8576   0.00817   91.3383
 123.00000   0.00540  -57.9569   0.00848   91.3864
 124.00000   0.00412  -58.0575   0.00875   91.4322
 125.00000   0.00281  -58.1596   0.00897   91.4761
 126.00000   0.00148  -58.2635   0.00912   91.5180
 127.00000   0.00014  -58.3695   0.00921   91.5581
 128.00000   0.00119  121.5222   0.00923   91.5965
 129.00000   0.00251  121.4112   0.00917   91.6333
 130.00000   0.00381  121.2972   0.00904   91.6685
 131.00000   0.00506  121.1799   0.00881   91.7023
 132.00000   0.00625  121.0588   0.00851   91.7346
 133.00000   0.00738  120.9336   0.00811   91.7657
 134.00000   0.00841  120.8038   0.00762   91.7955
 135.00000   0.00935  120.6691   0.00704   91.8240
 136.00000   0.01018  120.5287   0.00637   91.8515
 137.00000   0.01088  120.3823   0.00562   91.8778
 138.00000   0.01145  120.2292   0.00478   91.9030
 139.00000   0.01187  120.0687   0.00387   91.9273
 140.00000   0.01213  119.9001   0.00290   91.9505
 141.00000   0.01222  119.7226   0.00186   91.9729
 142.00000   0.01216  119.5355   0.00077   91.9943
 143.00000   0.01192  119.3376   0.00035  -87.9852
 144.00000   0.01151  119.1280   0.00149  -87.9654
 145.00000   0.01094  118.9054   0.00264  -87.9465
 146.00000   0.01021  118.6687   0.00378  -87.9284
 147.00000   0.00933  118.4165   0.00489  -87.9110
 148.00000   0.00832  118.1470   0.00596  -87.8944
 149.00000   0.00717  117.8587   0.00697  -87.8784
 150.00000   0.00593  117.5497   0.00789  -87.8632
 151.00000   0.00459  117.2178   0.00872  -87.8486
 152.00000   0.00319  116.8606   0.00944  -87.8346
 153.00000   0.00174  116.4757   0.01003  -87.8213
 154.00000   0.00026  116.0602   0.01047  -87.8086
 155.00000   0.00121  -64.3890   0.01076  -87.7965
 156.00000   0.00267  -64.8753   0.01088  -87.7850
 157.00000   0.00408  -65.4023   0.01083  -87.7740
 158.00000   0.00544  -65.9742   0.01060  -87.7636
 159.00000   0.00671  -66.5951   0.01019  -87.7537
 160.00000   0.00789  -67.2694   0.00961  -87.7444
 161.00000   0.00896  -68.0018   0.00885  -87.7356
 162.00000   0.00991  -68.7969   0.00793  -87.7273
 163.00000   0.01073  -69.6591   0.00686  -87.7195
 164.00000   0.01143  -70.5923   0.00565  -87.7121
 165.00000   0.01200  -71.5997   0.00432  -87.7053
 166.00000   0.01245  -72.6828   0.00290  -87.6989
 167.00000   0.01278  -73.8415   0.00141  -87.6930
 168.00000   0.01300  -75.0723   0.00013   92.3124
 169.00000   0.01313  -76.3685   0.00168   92.3174
 170.00000   0.01318  -77.7182   0.00323   92.3219
 171.00000   0.01317  -79.1039   0.00474   92.3260
 172.00000   0.01311  -80.5018   0.00618   92.3296
 173.00000   0.01302  -81.8813   0.00752   92.3328
 174.00000   0.01291  -83.2056   0.00875   92.3356
 175.00000   0.01279  -84.4329   0.00983   92.3379
 176.00000   0.01268  -85.5189   0.01075   92.3399
 177.00000   0.01258  -86.4196   0.01148   92.3413
 178.00000   0.01251  -87.0955   0.01202   92.3424
 179.00000   0.01246  -87.5147   0.01234   92.3430
 180.00000   0.01245  -87.6568   0.01245   92.3432
