   0.00000   1.00000  125.0185   1.00000  125.0185
   1.00000   0.99847  125.0222   0.99896  125.0163
   2.00000   0.99390  125.0336   0.99586  125.0099
   3.00000   0.98633  125.0525   0.99072  124.9991
   4.00000   0.97580  125.0793   0.98355  124.9840
   5.00000   0.96240  125.1142   0.97442  124.9645
   6.00000   0.94622  125.1574   0.96336  124.9405
   7.00000   0.92739  125.2093   0.95045  124.9120
   8.00000   0.90605  125.2704   0.93576  124.8787
   9.00000   0.88234  125.3412   0.91938  124.8406
  10.00000   0.85644  125.4225   0.90140  124.7975
  11.00000   0.82853  125.5149   0.88191  124.7493
  12.00000   0.79880  125.6196   0.86103  124.6957
  13.00000   0.76745  125.7376   0.83888  124.6366
  14.00000   0.73470  125.8702   0.81556  124.5716
  15.00000   0.70075  126.0191   0.79121  124.5004
  16.00000   0.66582  126.1861   0.76594  124.4228
  17.00000   0.63014  126.3736   0.73989  124.3384
  18.00000   0.59390  126.5844   0.71318  124.2467
  19.00000   0.55733  126.8217   0.68594  124.1473
  20.00000   0.52063  127.0896   0.65829  124.0397
  21.00000   0.48401  127.3933   0.63035  123.9232
  22.00000   0.44764  127.7391   0.60225  123.7973
  23.00000   0.41171  128.1349   0.57410  123.6612
  24.00000   0.37638  128.5910   0.54601  123.5141
  25.00000   0.34183  129.1206   0.51808  123.3550
  26.00000   0.30819  129.7414   0.49043  123.1828
  27.00000   0.27560  130.4771   0.46313  122.9963
  28.00000   0.24418  131.3604   0.43628  122.7942
  29.00000   0.21403  132.4380   0.40996  122.5747
  30.00000   0.18527  133.7779   0.38423  122.3362
  31.00000   0.15799  135.4838   0.35917  122.0763
  32.00000   0.13228  137.7208   0.33482  121.7928
  33.00000   0.10827  140.7659   0.31125  121.4826
  34.00000   0.08612  145.1147   0.28849  121.1423
  35.00000   0.06612  151.7178   0.26659  120.7679
  36.00000   0.04887  162.4954   0.24556  120.3547
  37.00000   0.03581 -178.9853   0.22543  119.8968
  38.00000   0.02968 -150.3263   0.20622  119.3874
  39.00000   0.03210 -121.0510   0.18793  118.8178
  40.00000   0.03991 -101.7006   0.17058  118.1776
  41.00000   0.04949  -90.4400   0.15416  117.4539
  42.00000   0.05912  -83.5798   0.13867  116.6301
  43.00000   0.06815  -79.0847   0.12410  115.6854
  44.00000   0.07632  -75.9488   0.11043  114.5926
  45.00000   0.08355  -73.6505   0.09767  113.3161
  46.00000   0.08982  -71.8997   0.08578  111.8083
  47.00000   0.09515  -70.5247   0.07475  110.0043
  48.00000   0.09957  -69.4178   0.06458  107.8140
  49.00000   0.10314  -68.5086   0.05524  105.1094
  50.00000   0.10592  -67.7491   0.04675  101.7057
  51.00000   0.10795  -67.1055   0.03911   97.3311
  52.00000   0.10931  -66.5535   0.03235   91.5861
  53.00000   0.11005  -66.0750   0.02656   83.9032
  54.00000   0.11023  -65.6564   0.02185   73.5766
  55.00000   0.10991  -65.2872   0.01844   60.0706
  56.00000   0.10915  -64.9592   0.01650   43.8477
  57.00000   0.10799  -64.6660   0.01606   27.0273
  58.00000   0.10650  -64.4023   0.01682   12.1950
  59.00000   0.10471  -64.1639   0.01832    0.5265
  60.00000   0.10267  -63.9473   0.02016   -8.2104
  61.00000   0.10043  -63.7496   0.02209  -14.7141
  62.00000   0.09802  -63.5685   0.02397  -19.6248
  63.00000   0.09547  -63.4020   0.02573  -23.4111
  64.00000   0.09283  -63.2483   0.02731  -26.3942
  65.00000   0.09013  -63.1059   0.02872  -28.7922
  66.00000   0.08737  -62.9737   0.02994  -30.7547
  67.00000   0.08461  -62.8506   0.03097  -32.3863
  68.00000   0.08184  -62.7355   0.03184  -33.7617
  69.00000   0.07910  -62.6278   0.03255  -34.9350
  70.00000   0.07640  -62.5266   0.03311  -35.9467
  71.00000   0.07375  -62.4314   0.03353  -36.8271
  72.00000   0.07117  -62.3416   0.03383  -37.5996
  73.00000   0.06866  -62.2566   0.03401  -38.2825
  74.00000   0.06625  -62.1762   0.03409  -38.8901
  75.00000   0.06392  -62.0998   0.03408  -39.4340
  76.00000   0.06170  -62.0271   0.03399  -39.9233
  77.00000   0.05958  -61.9578   0.03382  -40.3658
  78.00000   0.05757  -61.8916   0.03359  -40.7677
  79.00000   0.05567  -61.8283   0.03330  -41.1341
  80.00000   0.05388  -61.7676   0.03296  -41.4695
  81.00000   0.05220  -61.7093   0.03258  -41.7775
  82.00000   0.05063  -61.6532   0.03216  -42.0612
  83.00000   0.04918  -61.5991   0.03170  -42.3233
  84.00000   0.04783  -61.5469   0.03122  -42.5661
  85.00000   0.04659  -61.4964   0.03071  -42.7915
  86.00000   0.04546  -61.4474   0.03017  -43.0014
  87.00000   0.04443  -61.3999   0.02961  -43.1971
  88.00000   0.04350  -61.3537   0.02904  -43.3801
  89.00000   0.04266  -61.3086   0.02844  -43.5515
  90.00000   0.04191  -61.2646   0.02783  -43.7122
  91.00000   0.04125  -61.2217   0.02721  -43.8633
  92.00000   0.04068  -61.1796   0.02657  -44.0054
  93.00000   0.04018  -61.1382   0.02592  -44.1394
  94.00000   0.03976  -61.0976   0.02525  -44.2659
  95.00000   0.03940  -61.0577   0.02457  -44.3854
  96.00000   0.03911  -61.0182   0.02387  -44.4985
  97.00000   0.03888  -60.9793   0.02316  -44.6057
  98.00000   0.03870  -60.9407   0.02243  -44.7073
  99.00000   0.03858  -60.9024   0.02168  -44.8038
 100.00000   0.03849  -60.8644   0.02091  -44.8955
 101.00000   0.03844  -60.8266   0.02012  -44.9828
 102.00000   0.03842  -60.7889   0.01932  -45.0659
 103.00000   0.03842  -60.7512   0.01849  -45.1450
 104.00000   0.03845  -60.7135   0.01763  -45.2205
 105.00000   0.03848  -60.6757   0.01675  -45.2926
 106.00000   0.03853  -60.6378   0.01584  -45.3614
 107.00000   0.03857  -60.5997   0.01491  -45.4272
 108.00000   0.03860  -60.5612   0.01394  -45.4902
 109.00000   0.03862  -60.5225   0.01295  -45.5504
 110.00000   0.03862  -60.4832   0.01192  -45.6081
 111.00000   0.03859  -60.4435   0.01087  -45.6633
 112.00000   0.03852  -60.4033   0.00978  -45.7163
 113.00000   0.03842  -60.3624   0.00865  -45.7671
 114.00000   0.03826  -60.3207   0.00750  -45.8159
 115.00000   0.03805  -60.2783   0.00631  -45.8627
 116.00000   0.03778  -60.2350   0.00509  -45.9077
 117.00000   0.03744  -60.1907   0.00384  -45.9509
 118.00000   0.03702  -60.1453   0.00256  -45.9924
 119.00000   0.03653  -60.0988   0.00125  -46.0323
 120.00000   0.03595  -60.0510   0.00008  133.9293
 121.00000   0.03527  -60.0019   0.00144  133.8923
 122.00000   0.03450  -59.9512   0.00282  133.8568
 123.00000   0.03363  -59.8990   0.00421  133.8225
 124.00000   0.03266  -59.8450   0.00561  133.7896
 125.00000   0.03158  -59.7892   0.00702  133.7578
 126.00000   0.03039  -59.7314   0.00843  133.7273
 127.00000   0.02909  -59.6715   0.00984  133.6978
 128.00000   0.02768  -59.6092   0.01124  133.6694
 129.00000   0.02616  -59.5445   0.01262  133.6421
 130.00000   0.02454  -59.4770   0.01397  133.6157
 131.00000   0.02281  -59.4068   0.01529  133.5903
 132.00000   0.02098  -59.3334   0.01657  133.5659
 133.00000   0.01905  -59.2568   0.01781  133.5423
 134.00000   0.01704  -59.1766   0.01898  133.5195
 135.00000   0.01494  -59.0926   0.02009  133.4976
 136.00000   0.01276  -59.0045   0.02112  133.4765
 137.00000   0.01053  -58.9120   0.02206  133.4561
 138.00000   0.00823  -58.8148   0.02291  133.4365
 139.00000   0.00590  -58.7125   0.02366  133.4176
 140.00000   0.00353  -58.6048   0.02429  133.3994
 141.00000   0.00115  -58.4913   0.02480  133.3819
 142.00000   0.00125  121.6286   0.02517  133.3650
 143.00000   0.00363  121.7551   0.02542  133.3488
 144.00000   0.00599  121.8890   0.02551  133.3332
 145.00000   0.00831  122.0306   0.02546  133.3182
 146.00000   0.01059  122.1806   0.02524  133.3037
 147.00000   0.01280  122.3396   0.02487  133.2898
 148.00000   0.01492  122.5083   0.02434  133.2765
 149.00000   0.01696  122.6873   0.02363  133.2637
 150.00000   0.01890  122.8775   0.02277  133.2515
 151.00000   0.02072  123.0795   0.02174  133.2397
 152.00000   0.02241  123.2942   0.02054  133.2284
 153.00000   0.02398  123.5225   0.01919  133.2177
 154.00000   0.02540  123.7653   0.01768  133.2074
 155.00000   0.02667  124.0234   0.01603  133.1975
 156.00000   0.02780  124.2977   0.01425  133.1882
 157.00000   0.02878  124.5892   0.01234  133.1792
 158.00000   0.02960  124.8985   0.01031  133.1708
 159.00000   0.03027  125.2265   0.00819  133.1627
 160.00000   0.03080  125.5737   0.00598  133.1551
 161.00000   0.03119  125.9406   0.00371  133.1478
 162.00000   0.03145  126.3273   0.00138  133.1410
 163.00000   0.03158  126.7336   0.00098  -46.8654
 164.00000   0.03160  127.1589   0.00335  -46.8714
 165.00000   0.03151  127.6020   0.00571  -46.8770
 166.00000   0.03134  128.0611   0.00805  -46.8822
 167.00000   0.03110  128.5337   0.01034  -46.8871
 168.00000   0.03079  129.0161   0.01255  -46.8916
 169.00000   0.03044  129.5040   0.01468  -46.8957
 170.00000   0.03006  129.9917   0.01671  -46.8994
 171.00000   0.02967  130.4726   0.01860  -46.9028
 172.00000   0.02927  130.9390   0.02035  -46.9058
 173.00000   0.02889  131.3823   0.02193  -46.9085
 174.00000   0.02853  131.7932   0.02334  -46.9107
 175.00000   0.02820  132.1622   0.02455  -46.9127
 176.00000   0.02792  132.4798   0.02556  -46.9143
 177.00000   0.02770  132.7374   0.02636  -46.9155
 178.00000   0.02753  132.9273   0.02693  -46.9164
 179.00000   0.02743  133.0437   0.02728  -46.9169
 180.00000   0.02740  133.0829   0.02740  -46.9171
