   0.00000   1.00000  169.1513   1.00000  169.1513
   1.00000   0.99813  169.1525   0.99867  169.1503
   2.00000   0.99255  169.1561   0.99467  169.1471
   3.00000   0.98329  169.1621   0.98805  169.1418
   4.00000   0.97046  169.1706   0.97885  169.1344
   5.00000   0.95416  169.1815   0.96713  169.1247
   6.00000   0.93453  169.1949   0.95298  169.1128
   7.00000   0.91177  169.2108   0.93651  169.0986
   8.00000   0.88606  169.2292   0.91782  169.0820
   9.00000   0.85763  169.2503   0.89705  169.0629
  10.00000   0.82673  169.2740   0.87434  169.0411
  11.00000   0.79361  169.3004   0.84985  169.0166
  12.00000   0.75856  169.3296   0.82374  168.9891
  13.00000   0.72185  169.3618   0.79618  168.9585
  14.00000   0.68378  169.3969   0.76734  168.9246
  15.00000   0.64465  169.4351   0.73742  168.8872
  16.00000   0.60473  169.4766   0.70658  168.8458
  17.00000   0.56434  169.5215   0.67502  168.8003
  18.00000   0.52374  169.5700   0.64292  168.7502
  19.00000   0.48320  169.6224   0.61044  168.6951
  20.00000   0.44300  169.6789   0.57778  168.6345
  21.00000   0.40337  169.7398   0.54508  168.5678
  22.00000   0.36454  169.8056   0.51253  168.4942
  23.00000   0.32673  169.8769   0.48025  168.4131
  24.00000   0.29011  169.9542   0.44840  168.3234
  25.00000   0.25485  170.0387   0.41712  168.2239
  26.00000   0.22111  170.1316   0.38651  168.1133
  27.00000   0.18901  170.2348   0.35668  167.9900
  28.00000   0.15864  170.3515   0.32775  167.8518
  29.00000   0.13009  170.4865   0.29978  167.6963
  30.00000   0.10341  170.6488   0.27286  167.5203
  31.00000   0.07864  170.8560   0.24704  167.3199
  32.00000   0.05581  171.1499   0.22238  167.0900
  33.00000   0.03490  171.6583   0.19891  166.8240
  34.00000   0.01592  173.0601   0.17667  166.5134
  35.00000   0.00138  -37.8161   0.15566  166.1462
  36.00000   0.01650  -11.3784   0.13591  165.7062
  37.00000   0.03000  -10.2199   0.11740  165.1702
  38.00000   0.04180   -9.7306   0.10013  164.5037
  39.00000   0.05197   -9.4128   0.08409  163.6541
  40.00000   0.06059   -9.1606   0.06925  162.5355
  41.00000   0.06776   -8.9377   0.05560  160.9996
  42.00000   0.07358   -8.7278   0.04312  158.7660
  43.00000   0.07814   -8.5226   0.03181  155.2386
  44.00000   0.08153   -8.3169   0.02171  148.9203
  45.00000   0.08387   -8.1076   0.01313  135.0552
  46.00000   0.08525   -7.8921   0.00756   96.9454
  47.00000   0.08576   -7.6685   0.00883   41.8398
  48.00000   0.08551   -7.4351   0.01397   18.5057
  49.00000   0.08458   -7.1905   0.01939    9.2543
  50.00000   0.08306   -6.9331   0.02437    4.5553
  51.00000   0.08103   -6.6613   0.02879    1.7496
  52.00000   0.07857   -6.3736   0.03264   -0.1059
  53.00000   0.07576   -6.0682   0.03594   -1.4209
  54.00000   0.07266   -5.7434   0.03871   -2.4000
  55.00000   0.06933   -5.3969   0.04102   -3.1566
  56.00000   0.06584   -5.0267   0.04288   -3.7583
  57.00000   0.06223   -4.6300   0.04435   -4.2480
  58.00000   0.05855   -4.2041   0.04546   -4.6540
  59.00000   0.05484   -3.7455   0.04625   -4.9958
  60.00000   0.05114   -3.2506   0.04676   -5.2875
  61.00000   0.04748   -2.7149   0.04701   -5.5392
  62.00000   0.04389   -2.1335   0.04704   -5.7585
  63.00000   0.04039   -1.5005   0.04688   -5.9512
  64.00000   0.03700   -0.8090   0.04655   -6.1217
  65.00000   0.03374   -0.0510   0.04609   -6.2737
  66.00000   0.03062    0.7832   0.04550   -6.4099
  67.00000   0.02765    1.7050   0.04481   -6.5327
  68.00000   0.02484    2.7281   0.04404   -6.6438
  69.00000   0.02220    3.8691   0.04321   -6.7449
  70.00000   0.01972    5.1482   0.04233   -6.8371
  71.00000   0.01742    6.5903   0.04142   -6.9217
  72.00000   0.01529    8.2259   0.04048   -6.9994
  73.00000   0.01332   10.0930   0.03953   -7.0711
  74.00000   0.01153   12.2390   0.03857   -7.1373
  75.00000   0.00990   14.7232   0.03761   -7.1988
  76.00000   0.00843   17.6197   0.03667   -7.2559
  77.00000   0.00712   21.0204   0.03574   -7.3091
  78.00000   0.00596   25.0373   0.03483   -7.3587
  79.00000   0.00495   29.8012   0.03394   -7.4051
  80.00000   0.00408   35.4529   0.03308   -7.4487
  81.00000   0.00336   42.1198   0.03226   -7.4895
  82.00000   0.00275   49.8672   0.03146   -7.5279
  83.00000   0.00227   58.6276   0.03070   -7.5641
  84.00000   0.00188   68.1335   0.02997   -7.5982
  85.00000   0.00156   77.9190   0.02927   -7.6304
  86.00000   0.00129   87.4319   0.02861   -7.6608
  87.00000   0.00104   96.2043   0.02798   -7.6896
  88.00000   0.00078  103.9663   0.02738   -7.7169
  89.00000   0.00050  110.6480   0.02682   -7.7429
  90.00000   0.00017  116.3138   0.02629   -7.7675
  91.00000   0.00020  -58.9094   0.02578   -7.7909
  92.00000   0.00062  -54.8806   0.02531   -7.8132
  93.00000   0.00111  -51.4690   0.02486   -7.8344
  94.00000   0.00165  -48.5622   0.02443   -7.8546
  95.00000   0.00224  -46.0683   0.02402   -7.8739
  96.00000   0.00289  -43.9128   0.02363   -7.8923
  97.00000   0.00360  -42.0362   0.02326   -7.9100
  98.00000   0.00436  -40.3911   0.02290   -7.9268
  99.00000   0.00517  -38.9394   0.02255   -7.9429
 100.00000   0.00602  -37.6503   0.02221   -7.9583
 101.00000   0.00692  -36.4990   0.02188   -7.9731
 102.00000   0.00786  -35.4653   0.02154   -7.9873
 103.00000   0.00884  -34.5324   0.02121   -8.0009
 104.00000   0.00985  -33.6867   0.02086   -8.0139
 105.00000   0.01089  -32.9166   0.02051   -8.0265
 106.00000   0.01195  -32.2125   0.02015   -8.0385
 107.00000   0.01304  -31.5664   0.01977   -8.0501
 108.00000   0.01414  -30.9712   0.01938   -8.0612
 109.00000   0.01525  -30.4213   0.01896   -8.0719
 110.00000   0.01636  -29.9114   0.01852   -8.0822
 111.00000   0.01748  -29.4373   0.01805   -8.0921
 112.00000   0.01858  -28.9951   0.01754   -8.1016
 113.00000   0.01967  -28.5817   0.01701   -8.1108
 114.00000   0.02073  -28.1940   0.01643   -8.1197
 115.00000   0.02177  -27.8296   0.01581   -8.1282
 116.00000   0.02276  -27.4862   0.01515   -8.1364
 117.00000   0.02371  -27.1618   0.01444   -8.1444
 118.00000   0.02460  -26.8547   0.01369   -8.1520
 119.00000   0.02543  -26.5631   0.01288   -8.1594
 120.00000   0.02618  -26.2858   0.01203   -8.1665
 121.00000   0.02685  -26.0214   0.01112   -8.1734
 122.00000   0.02743  -25.7687   0.01016   -8.1801
 123.00000   0.02791  -25.5267   0.00914   -8.1865
 124.00000   0.02828  -25.2943   0.00808   -8.1927
 125.00000   0.02853  -25.0707   0.00696   -8.1986
 126.00000   0.02866  -24.8550   0.00580   -8.2044
 127.00000   0.02866  -24.6464   0.00459   -8.2100
 128.00000   0.02851  -24.4442   0.00334   -8.2154
 129.00000   0.02822  -24.2477   0.00205   -8.2206
 130.00000   0.02778  -24.0562   0.00073   -8.2256
 131.00000   0.02719  -23.8692   0.00062  171.7695
 132.00000   0.02644  -23.6860   0.00199  171.7649
 133.00000   0.02554  -23.5060   0.00337  171.7603
 134.00000   0.02448  -23.3287   0.00475  171.7560
 135.00000   0.02327  -23.1535   0.00613  171.7517
 136.00000   0.02191  -22.9798   0.00750  171.7477
 137.00000   0.02040  -22.8071   0.00884  171.7437
 138.00000   0.01876  -22.6349   0.01014  171.7399
 139.00000   0.01698  -22.4624   0.01139  171.7363
 140.00000   0.01509  -22.2893   0.01259  171.7327
 141.00000   0.01310  -22.1149   0.01371  171.7293
 142.00000   0.01101  -21.9385   0.01475  171.7260
 143.00000   0.00885  -21.7595   0.01570  171.7229
 144.00000   0.00662  -21.5773   0.01654  171.7198
 145.00000   0.00435  -21.3911   0.01725  171.7169
 146.00000   0.00206  -21.2001   0.01784  171.7140
 147.00000   0.00024  158.9963   0.01829  171.7113
 148.00000   0.00252  159.1991   0.01858  171.7087
 149.00000   0.00477  159.4092   0.01872  171.7062
 150.00000   0.00697  159.6276   0.01870  171.7038
 151.00000   0.00909  159.8552   0.01850  171.7014
 152.00000   0.01113  160.0933   0.01814  171.6992
 153.00000   0.01306  160.3430   0.01759  171.6971
 154.00000   0.01487  160.6055   0.01687  171.6951
 155.00000   0.01654  160.8821   0.01598  171.6931
 156.00000   0.01807  161.1744   0.01492  171.6913
 157.00000   0.01944  161.4838   0.01370  171.6895
 158.00000   0.02064  161.8117   0.01233  171.6878
 159.00000   0.02168  162.1597   0.01081  171.6862
 160.00000   0.02256  162.5294   0.00916  171.6847
 161.00000   0.02326  162.9221   0.00740  171.6833
 162.00000   0.02380  163.3393   0.00554  171.6819
 163.00000   0.02419  163.7819   0.00360  171.6806
 164.00000   0.02443  164.2507   0.00160  171.6794
 165.00000   0.02453  164.7459   0.00044   -8.3217
 166.00000   0.02451  165.2670   0.00249   -8.3227
 167.00000   0.02438  165.8125   0.00454   -8.3237
 168.00000   0.02416  166.3799   0.00656   -8.3246
 169.00000   0.02387  166.9651   0.00852   -8.3254
 170.00000   0.02352  167.5622   0.01041   -8.3262
 171.00000   0.02314  168.1635   0.01220   -8.3268
 172.00000   0.02274  168.7591   0.01386   -8.3274
 173.00000   0.02234  169.3370   0.01539   -8.3280
 174.00000   0.02196  169.8836   0.01675   -8.3284
 175.00000   0.02161  170.3835   0.01793   -8.3288
 176.00000   0.02131  170.8209   0.01892   -8.3291
 177.00000   0.02106  171.1806   0.01970   -8.3294
 178.00000   0.02088  171.4487   0.02027   -8.3295
 179.00000   0.02076  171.6143   0.02061   -8.3297
 180.00000   0.02073  171.6703   0.02073   -8.3297
