   0.00000   1.00000 -134.5860   1.00000 -134.5860
   1.00000   0.99884 -134.5795   0.99927 -134.5860
   2.00000   0.99539 -134.5599   0.99707 -134.5860
   3.00000   0.98964 -134.5273   0.99343 -134.5860
   4.00000   0.98165 -134.4812   0.98835 -134.5860
   5.00000   0.97146 -134.4216   0.98185 -134.5860
   6.00000   0.95913 -134.3480   0.97398 -134.5860
   7.00000   0.94472 -134.2599   0.96476 -134.5860
   8.00000   0.92834 -134.1568   0.95423 -134.5860
   9.00000   0.91006 -134.0380   0.94245 -134.5860
  10.00000   0.88999 -133.9027   0.92946 -134.5860
  11.00000   0.86825 -133.7501   0.91532 -134.5860
  12.00000   0.84495 -133.5790   0.90010 -134.5860
  13.00000   0.82023 -133.3881   0.88386 -134.5860
  14.00000   0.79422 -133.1761   0.86666 -134.5860
  15.00000   0.76706 -132.9413   0.84858 -134.5860
  16.00000   0.73888 -132.6817   0.82969 -134.5860
  17.00000   0.70984 -132.3952   0.81007 -134.5860
  18.00000   0.68007 -132.0792   0.78979 -134.5860
  19.00000   0.64972 -131.7306   0.76893 -134.5860
  20.00000   0.61894 -131.3461   0.74757 -134.5860
  21.00000   0.58787 -130.9215   0.72579 -134.5860
  22.00000   0.55664 -130.4521   0.70365 -134.5860
  23.00000   0.52540 -129.9322   0.68125 -134.5860
  24.00000   0.49427 -129.3551   0.65865 -134.5860
  25.00000   0.46338 -128.7129   0.63592 -134.5860
  26.00000   0.43285 -127.9958   0.61314 -134.5860
  27.00000   0.40280 -127.1924   0.59037 -134.5860
  28.00000   0.37334 -126.2883   0.56767 -134.5860
  29.00000   0.34456 -125.2661   0.54511 -134.5860
  30.00000   0.31658 -124.1041   0.52275 -134.5860
  31.00000   0.28947 -122.7752   0.50064 -134.5860
  32.00000   0.26334 -121.2450   0.47882 -134.5860
  33.00000   0.23827 -119.4696   0.45735 -134.5860
  34.00000   0.21434 -117.3927   0.43627 -134.5860
  35.00000   0.19165 -114.9409   0.41562 -134.5860
  36.00000   0.17030 -112.0185   0.39544 -134.5860
  37.00000   0.15039 -108.5008   0.37574 -134.5860
  38.00000   0.13208 -104.2269   0.35657 -134.5860
  39.00000   0.11553  -98.9963   0.33795 -134.5860
  40.00000   0.10097  -92.5775   0.31988 -134.5860
  41.00000   0.08868  -84.7480   0.30240 -134.5860
  42.00000   0.07898  -75.3942   0.28552 -134.5860
  43.00000   0.07216  -64.6741   0.26923 -134.5860
  44.00000   0.06835  -53.1499   0.25356 -134.5860
  45.00000   0.06737  -41.6999   0.23850 -134.5860
  46.00000   0.06874  -31.1706   0.22406 -134.5860
  47.00000   0.07183  -22.0568   0.21022 -134.5860
  48.00000   0.07600  -14.4608   0.19700 -134.5860
  49.00000   0.08074   -8.2416   0.18438 -134.5860
  50.00000   0.08567   -3.1704   0.17235 -134.5860
  51.00000   0.09054    0.9809   0.16090 -134.5860
  52.00000   0.09519    4.4065   0.15003 -134.5860
  53.00000   0.09951    7.2612   0.13972 -134.5860
  54.00000   0.10344    9.6644   0.12996 -134.5860
  55.00000   0.10694   11.7078   0.12072 -134.5860
  56.00000   0.11001   13.4617   0.11201 -134.5860
  57.00000   0.11264   14.9804   0.10379 -134.5860
  58.00000   0.11485   16.3060   0.09605 -134.5860
  59.00000   0.11665   17.4715   0.08877 -134.5860
  60.00000   0.11807   18.5032   0.08195 -134.5860
  61.00000   0.11912   19.4221   0.07555 -134.5860
  62.00000   0.11983   20.2451   0.06956 -134.5860
  63.00000   0.12023   20.9860   0.06396 -134.5860
  64.00000   0.12034   21.6561   0.05874 -134.5860
  65.00000   0.12019   22.2649   0.05388 -134.5860
  66.00000   0.11980   22.8202   0.04936 -134.5860
  67.00000   0.11920   23.3286   0.04516 -134.5860
  68.00000   0.11841   23.7956   0.04127 -134.5860
  69.00000   0.11746   24.2260   0.03767 -134.5860
  70.00000   0.11636   24.6239   0.03434 -134.5860
  71.00000   0.11513   24.9928   0.03128 -134.5860
  72.00000   0.11379   25.3356   0.02847 -134.5860
  73.00000   0.11237   25.6551   0.02588 -134.5860
  74.00000   0.11086   25.9535   0.02352 -134.5860
  75.00000   0.10930   26.2328   0.02136 -134.5860
  76.00000   0.10768   26.4949   0.01940 -134.5860
  77.00000   0.10603   26.7412   0.01763 -134.5860
  78.00000   0.10435   26.9732   0.01602 -134.5860
  79.00000   0.10266   27.1921   0.01458 -134.5860
  80.00000   0.10095   27.3991   0.01329 -134.5860
  81.00000   0.09924   27.5950   0.01215 -134.5860
  82.00000   0.09754   27.7809   0.01114 -134.5860
  83.00000   0.09584   27.9575   0.01026 -134.5860
  84.00000   0.09415   28.1255   0.00950 -134.5860
  85.00000   0.09248   28.2856   0.00885 -134.5860
  86.00000   0.09083   28.4384   0.00831 -134.5860
  87.00000   0.08920   28.5844   0.00787 -134.5860
  88.00000   0.08759   28.7242   0.00752 -134.5860
  89.00000   0.08599   28.8582   0.00726 -134.5860
  90.00000   0.08443   28.9868   0.00709 -134.5860
  91.00000   0.08288   29.1105   0.00700 -134.5860
  92.00000   0.08135   29.2295   0.00698 -134.5860
  93.00000   0.07983   29.3442   0.00703 -134.5860
  94.00000   0.07834   29.4549   0.00715 -134.5860
  95.00000   0.07685   29.5619   0.00734 -134.5860
  96.00000   0.07537   29.6654   0.00759 -134.5860
  97.00000   0.07391   29.7658   0.00789 -134.5860
  98.00000   0.07244   29.8632   0.00825 -134.5860
  99.00000   0.07097   29.9579   0.00866 -134.5860
 100.00000   0.06950   30.0501   0.00913 -134.5860
 101.00000   0.06802   30.1399   0.00964 -134.5860
 102.00000   0.06653   30.2276   0.01019 -134.5860
 103.00000   0.06503   30.3133   0.01079 -134.5860
 104.00000   0.06350   30.3972   0.01142 -134.5860
 105.00000   0.06194   30.4795   0.01210 -134.5860
 106.00000   0.06036   30.5603   0.01281 -134.5860
 107.00000   0.05874   30.6398   0.01355 -134.5860
 108.00000   0.05708   30.7181   0.01432 -134.5860
 109.00000   0.05539   30.7954   0.01512 -134.5860
 110.00000   0.05364   30.8718   0.01594 -134.5860
 111.00000   0.05185   30.9474   0.01679 -134.5860
 112.00000   0.05000   31.0224   0.01765 -134.5860
 113.00000   0.04810   31.0969   0.01853 -134.5860
 114.00000   0.04614   31.1711   0.01943 -134.5860
 115.00000   0.04412   31.2450   0.02033 -134.5860
 116.00000   0.04204   31.3189   0.02123 -134.5860
 117.00000   0.03989   31.3928   0.02214 -134.5860
 118.00000   0.03768   31.4669   0.02305 -134.5860
 119.00000   0.03540   31.5413   0.02394 -134.5860
 120.00000   0.03306   31.6162   0.02483 -134.5860
 121.00000   0.03065   31.6917   0.02570 -134.5860
 122.00000   0.02818   31.7679   0.02655 -134.5860
 123.00000   0.02565   31.8451   0.02737 -134.5860
 124.00000   0.02306   31.9233   0.02816 -134.5860
 125.00000   0.02042   32.0028   0.02891 -134.5860
 126.00000   0.01773   32.0837   0.02961 -134.5860
 127.00000   0.01499   32.1662   0.03027 -134.5860
 128.00000   0.01222   32.2505   0.03088 -134.5860
 129.00000   0.00941   32.3368   0.03142 -134.5860
 130.00000   0.00658   32.4253   0.03189 -134.5860
 131.00000   0.00373   32.5162   0.03230 -134.5860
 132.00000   0.00087   32.6098   0.03262 -134.5860
 133.00000   0.00199 -147.2937   0.03286 -134.5860
 134.00000   0.00484 -147.1940   0.03301 -134.5860
 135.00000   0.00766 -147.0909   0.03306 -134.5860
 136.00000   0.01046 -146.9839   0.03302 -134.5860
 137.00000   0.01322 -146.8729   0.03286 -134.5860
 138.00000   0.01592 -146.7575   0.03260 -134.5860
 139.00000   0.01856 -146.6372   0.03222 -134.5860
 140.00000   0.02113 -146.5117   0.03173 -134.5860
 141.00000   0.02361 -146.3806   0.03111 -134.5860
 142.00000   0.02599 -146.2434   0.03037 -134.5860
 143.00000   0.02827 -146.0997   0.02950 -134.5860
 144.00000   0.03043 -145.9488   0.02851 -134.5860
 145.00000   0.03246 -145.7904   0.02739 -134.5860
 146.00000   0.03436 -145.6237   0.02614 -134.5860
 147.00000   0.03612 -145.4481   0.02477 -134.5860
 148.00000   0.03773 -145.2631   0.02328 -134.5860
 149.00000   0.03918 -145.0679   0.02167 -134.5860
 150.00000   0.04048 -144.8617   0.01994 -134.5860
 151.00000   0.04161 -144.6439   0.01811 -134.5860
 152.00000   0.04258 -144.4135   0.01617 -134.5860
 153.00000   0.04338 -144.1698   0.01414 -134.5860
 154.00000   0.04402 -143.9120   0.01201 -134.5860
 155.00000   0.04450 -143.6393   0.00982 -134.5860
 156.00000   0.04482 -143.3507   0.00755 -134.5860
 157.00000   0.04499 -143.0456   0.00522 -134.5860
 158.00000   0.04502 -142.7232   0.00285 -134.5860
 159.00000   0.04491 -142.3829   0.00044 -134.5860
 160.00000   0.04467 -142.0243   0.00198   45.4140
 161.00000   0.04432 -141.6472   0.00441   45.4140
 162.00000   0.04386 -141.2515   0.00684   45.4140
 163.00000   0.04331 -140.8376   0.00925   45.4140
 164.00000   0.04269 -140.4065   0.01161   45.4140
 165.00000   0.04201 -139.9593   0.01393   45.4140
 166.00000   0.04127 -139.4982   0.01618   45.4140
 167.00000   0.04051 -139.0259   0.01836   45.4140
 168.00000   0.03973 -138.5460   0.02043   45.4140
 169.00000   0.03894 -138.0630   0.02240   45.4140
 170.00000   0.03817 -137.5824   0.02425   45.4140
 171.00000   0.03743 -137.1107   0.02597   45.4140
 172.00000   0.03672 -136.6552   0.02753   45.4140
 173.00000   0.03607 -136.2241   0.02895   45.4140
 174.00000   0.03548 -135.8260   0.03019   45.4140
 175.00000   0.03497 -135.4698   0.03126   45.4140
 176.00000   0.03454 -135.1640   0.03214   45.4140
 177.00000   0.03419 -134.9168   0.03284   45.4140
 178.00000   0.03394 -134.7348   0.03334   45.4140
 179.00000   0.03379 -134.6235   0.03364   45.4140
 180.00000   0.03374 -134.5860   0.03374   45.4140
