   0.00000   1.00000  161.0373   1.00000  161.0373
   1.00000   0.99788  161.0447   0.99845  161.0361
   2.00000   0.99155  161.0672   0.99382  161.0326
   3.00000   0.98106  161.1050   0.98614  161.0268
   4.00000   0.96653  161.1587   0.97548  161.0187
   5.00000   0.94811  161.2288   0.96192  161.0080
   6.00000   0.92597  161.3165   0.94557  160.9949
   7.00000   0.90033  161.4229   0.92657  160.9792
   8.00000   0.87146  161.5496   0.90506  160.9607
   9.00000   0.83962  161.6985   0.88121  160.9393
  10.00000   0.80513  161.8720   0.85521  160.9149
  11.00000   0.76830  162.0729   0.82725  160.8872
  12.00000   0.72948  162.3049   0.79754  160.8561
  13.00000   0.68901  162.5723   0.76629  160.8212
  14.00000   0.64725  162.8804   0.73373  160.7821
  15.00000   0.60456  163.2360   0.70009  160.7386
  16.00000   0.56129  163.6475   0.66559  160.6902
  17.00000   0.51780  164.1256   0.63045  160.6363
  18.00000   0.47440  164.6840   0.59491  160.5762
  19.00000   0.43144  165.3404   0.55916  160.5094
  20.00000   0.38921  166.1184   0.52342  160.4348
  21.00000   0.34801  167.0497   0.48790  160.3514
  22.00000   0.30810  168.1779   0.45276  160.2579
  23.00000   0.26974  169.5643   0.41820  160.1527
  24.00000   0.23316  171.2979   0.38436  160.0339
  25.00000   0.19859  173.5116   0.35139  159.8989
  26.00000   0.16627  176.4115   0.31944  159.7447
  27.00000   0.13646 -179.6704   0.28860  159.5673
  28.00000   0.10950 -174.1802   0.25898  159.3615
  29.00000   0.08592 -166.1781   0.23066  159.1205
  30.00000   0.06665 -154.1633   0.20371  158.8350
  31.00000   0.05324 -136.4810   0.17818  158.4920
  32.00000   0.04747 -113.9643   0.15411  158.0730
  33.00000   0.04926  -92.3044   0.13153  157.5506
  34.00000   0.05583  -76.1711   0.11044  156.8823
  35.00000   0.06421  -65.3758   0.09086  155.9989
  36.00000   0.07267  -58.1722   0.07277  154.7789
  37.00000   0.08038  -53.2076   0.05617  152.9898
  38.00000   0.08697  -49.6595   0.04105  150.1241
  39.00000   0.09232  -47.0435   0.02747  144.8444
  40.00000   0.09638  -45.0672   0.01571  132.3822
  41.00000   0.09920  -43.5478   0.00779   89.4577
  42.00000   0.10085  -42.3669   0.01052   24.4219
  43.00000   0.10141  -41.4450   0.01804    4.0618
  44.00000   0.10098  -40.7277   0.02541   -3.2753
  45.00000   0.09968  -40.1769   0.03201   -6.9225
  46.00000   0.09759  -39.7656   0.03774   -9.0857
  47.00000   0.09483  -39.4747   0.04264  -10.5129
  48.00000   0.09150  -39.2910   0.04675  -11.5233
  49.00000   0.08769  -39.2056   0.05012  -12.2753
  50.00000   0.08349  -39.2132   0.05282  -12.8564
  51.00000   0.07899  -39.3119   0.05490  -13.3184
  52.00000   0.07427  -39.5024   0.05642  -13.6944
  53.00000   0.06939  -39.7885   0.05744  -14.0061
  54.00000   0.06443  -40.1771   0.05802  -14.2685
  55.00000   0.05943  -40.6785   0.05821  -14.4924
  56.00000   0.05446  -41.3076   0.05804  -14.6856
  57.00000   0.04956  -42.0848   0.05758  -14.8538
  58.00000   0.04477  -43.0380   0.05687  -15.0016
  59.00000   0.04012  -44.2052   0.05593  -15.1324
  60.00000   0.03564  -45.6385   0.05482  -15.2489
  61.00000   0.03136  -47.4108   0.05355  -15.3534
  62.00000   0.02731  -49.6253   0.05217  -15.4474
  63.00000   0.02352  -52.4312   0.05070  -15.5325
  64.00000   0.01999  -56.0484   0.04916  -15.6099
  65.00000   0.01677  -60.8043   0.04757  -15.6806
  66.00000   0.01391  -67.1842   0.04596  -15.7453
  67.00000   0.01146  -75.8657   0.04433  -15.8047
  68.00000   0.00953  -87.6136   0.04271  -15.8595
  69.00000   0.00824 -102.7227   0.04111  -15.9102
  70.00000   0.00769 -119.9517   0.03954  -15.9571
  71.00000   0.00783 -136.4952   0.03800  -16.0007
  72.00000   0.00848 -150.1090   0.03651  -16.0414
  73.00000   0.00940 -160.3852   0.03507  -16.0793
  74.00000   0.01042 -167.9481   0.03368  -16.1147
  75.00000   0.01145 -173.5554   0.03235  -16.1479
  76.00000   0.01243 -177.7960   0.03109  -16.1790
  77.00000   0.01333  178.9233   0.02989  -16.2083
  78.00000   0.01413  176.3296   0.02875  -16.2358
  79.00000   0.01484  174.2386   0.02768  -16.2618
  80.00000   0.01544  172.5236   0.02668  -16.2863
  81.00000   0.01593  171.0960   0.02574  -16.3095
  82.00000   0.01633  169.8918   0.02487  -16.3315
  83.00000   0.01663  168.8647   0.02406  -16.3522
  84.00000   0.01685  167.9797   0.02331  -16.3720
  85.00000   0.01697  167.2104   0.02263  -16.3907
  86.00000   0.01702  166.5365   0.02200  -16.4085
  87.00000   0.01699  165.9420   0.02143  -16.4254
  88.00000   0.01688  165.4144   0.02091  -16.4415
  89.00000   0.01670  164.9434   0.02045  -16.4569
  90.00000   0.01646  164.5208   0.02003  -16.4715
  91.00000   0.01616  164.1400   0.01966  -16.4855
  92.00000   0.01580  163.7954   0.01933  -16.4989
  93.00000   0.01537  163.4824   0.01905  -16.5117
  94.00000   0.01490  163.1970   0.01880  -16.5239
  95.00000   0.01436  162.9361   0.01859  -16.5356
  96.00000   0.01378  162.6968   0.01841  -16.5468
  97.00000   0.01315  162.4768   0.01826  -16.5576
  98.00000   0.01246  162.2740   0.01813  -16.5679
  99.00000   0.01173  162.0867   0.01803  -16.5778
 100.00000   0.01095  161.9133   0.01795  -16.5873
 101.00000   0.01013  161.7524   0.01789  -16.5964
 102.00000   0.00926  161.6030   0.01783  -16.6052
 103.00000   0.00835  161.4640   0.01779  -16.6136
 104.00000   0.00739  161.3344   0.01775  -16.6217
 105.00000   0.00640  161.2136   0.01772  -16.6295
 106.00000   0.00536  161.1007   0.01768  -16.6370
 107.00000   0.00429  160.9952   0.01764  -16.6443
 108.00000   0.00318  160.8964   0.01759  -16.6512
 109.00000   0.00204  160.8039   0.01752  -16.6580
 110.00000   0.00088  160.7172   0.01744  -16.6644
 111.00000   0.00032  -19.3640   0.01733  -16.6707
 112.00000   0.00153  -19.4402   0.01720  -16.6767
 113.00000   0.00276  -19.5117   0.01704  -16.6825
 114.00000   0.00401  -19.5787   0.01684  -16.6881
 115.00000   0.00526  -19.6416   0.01660  -16.6935
 116.00000   0.00651  -19.7005   0.01632  -16.6988
 117.00000   0.00776  -19.7557   0.01600  -16.7038
 118.00000   0.00899  -19.8074   0.01562  -16.7087
 119.00000   0.01020  -19.8557   0.01518  -16.7134
 120.00000   0.01138  -19.9009   0.01469  -16.7180
 121.00000   0.01252  -19.9430   0.01413  -16.7224
 122.00000   0.01362  -19.9822   0.01352  -16.7266
 123.00000   0.01466  -20.0186   0.01283  -16.7307
 124.00000   0.01563  -20.0523   0.01208  -16.7347
 125.00000   0.01653  -20.0833   0.01126  -16.7385
 126.00000   0.01734  -20.1118   0.01037  -16.7423
 127.00000   0.01805  -20.1378   0.00941  -16.7458
 128.00000   0.01866  -20.1614   0.00838  -16.7493
 129.00000   0.01916  -20.1826   0.00728  -16.7527
 130.00000   0.01953  -20.2014   0.00613  -16.7559
 131.00000   0.01977  -20.2179   0.00492  -16.7590
 132.00000   0.01988  -20.2321   0.00365  -16.7621
 133.00000   0.01984  -20.2440   0.00233  -16.7650
 134.00000   0.01965  -20.2535   0.00098  -16.7678
 135.00000   0.01931  -20.2607   0.00041  163.2294
 136.00000   0.01882  -20.2656   0.00182  163.2268
 137.00000   0.01817  -20.2680   0.00324  163.2242
 138.00000   0.01737  -20.2680   0.00466  163.2218
 139.00000   0.01641  -20.2655   0.00607  163.2194
 140.00000   0.01531  -20.2604   0.00746  163.2171
 141.00000   0.01408  -20.2526   0.00881  163.2148
 142.00000   0.01271  -20.2421   0.01010  163.2127
 143.00000   0.01122  -20.2287   0.01133  163.2106
 144.00000   0.00962  -20.2124   0.01248  163.2087
 145.00000   0.00793  -20.1929   0.01353  163.2067
 146.00000   0.00616  -20.1701   0.01447  163.2049
 147.00000   0.00433  -20.1439   0.01529  163.2031
 148.00000   0.00245  -20.1140   0.01597  163.2014
 149.00000   0.00054  -20.0802   0.01650  163.1998
 150.00000   0.00137  159.9577   0.01687  163.1982
 151.00000   0.00327  160.0000   0.01707  163.1967
 152.00000   0.00515  160.0469   0.01708  163.1952
 153.00000   0.00697  160.0987   0.01692  163.1938
 154.00000   0.00873  160.1558   0.01656  163.1925
 155.00000   0.01041  160.2185   0.01602  163.1912
 156.00000   0.01199  160.2872   0.01529  163.1900
 157.00000   0.01346  160.3623   0.01437  163.1888
 158.00000   0.01480  160.4441   0.01327  163.1877
 159.00000   0.01602  160.5329   0.01200  163.1867
 160.00000   0.01710  160.6293   0.01057  163.1857
 161.00000   0.01804  160.7335   0.00899  163.1847
 162.00000   0.01883  160.8458   0.00729  163.1839
 163.00000   0.01948  160.9664   0.00547  163.1830
 164.00000   0.02000  161.0954   0.00357  163.1822
 165.00000   0.02038  161.2328   0.00159  163.1815
 166.00000   0.02064  161.3782   0.00042  -16.8192
 167.00000   0.02079  161.5310   0.00245  -16.8198
 168.00000   0.02084  161.6905   0.00447  -16.8204
 169.00000   0.02081  161.8553   0.00646  -16.8210
 170.00000   0.02070  162.0235   0.00838  -16.8214
 171.00000   0.02055  162.1929   0.01022  -16.8219
 172.00000   0.02035  162.3606   0.01194  -16.8223
 173.00000   0.02014  162.5231   0.01352  -16.8226
 174.00000   0.01991  162.6765   0.01494  -16.8229
 175.00000   0.01970  162.8166   0.01617  -16.8232
 176.00000   0.01950  162.9391   0.01721  -16.8234
 177.00000   0.01934  163.0396   0.01804  -16.8236
 178.00000   0.01922  163.1144   0.01863  -16.8237
 179.00000   0.01914  163.1606   0.01899  -16.8237
 180.00000   0.01912  163.1762   0.01912  -16.8238
