   0.00000   1.00000  167.6801   1.00000  167.6801
   1.00000   0.99893  167.6855   0.99935  167.6801
   2.00000   0.99571  167.7018   0.99739  167.6801
   3.00000   0.99038  167.7290   0.99413  167.6801
   4.00000   0.98295  167.7674   0.98959  167.6801
   5.00000   0.97347  167.8171   0.98379  167.6801
   6.00000   0.96199  167.8784   0.97675  167.6801
   7.00000   0.94857  167.9517   0.96850  167.6801
   8.00000   0.93329  168.0374   0.95907  167.6801
   9.00000   0.91622  168.1361   0.94851  167.6801
  10.00000   0.89746  168.2483   0.93685  167.6801
  11.00000   0.87710  168.3749   0.92415  167.6801
  12.00000   0.85525  168.5165   0.91045  167.6801
  13.00000   0.83202  168.6741   0.89581  167.6801
  14.00000   0.80753  168.8490   0.88028  167.6801
  15.00000   0.78189  169.0423   0.86393  167.6801
  16.00000   0.75524  169.2555   0.84681  167.6801
  17.00000   0.72770  169.4902   0.82899  167.6801
  18.00000   0.69939  169.7485   0.81054  167.6801
  19.00000   0.67045  170.0326   0.79152  167.6801
  20.00000   0.64101  170.3450   0.77199  167.6801
  21.00000   0.61119  170.6888   0.75203  167.6801
  22.00000   0.58112  171.0675   0.73169  167.6801
  23.00000   0.55092  171.4853   0.71104  167.6801
  24.00000   0.52071  171.9470   0.69015  167.6801
  25.00000   0.49061  172.4583   0.66908  167.6801
  26.00000   0.46072  173.0263   0.64790  167.6801
  27.00000   0.43117  173.6591   0.62665  167.6801
  28.00000   0.40204  174.3668   0.60540  167.6801
  29.00000   0.37343  175.1615   0.58420  167.6801
  30.00000   0.34544  176.0582   0.56311  167.6801
  31.00000   0.31815  177.0755   0.54218  167.6801
  32.00000   0.29165  178.2367   0.52145  167.6801
  33.00000   0.26600  179.5715   0.50096  167.6801
  34.00000   0.24130 -178.8826   0.48076  167.6801
  35.00000   0.21761 -177.0763   0.46088  167.6801
  36.00000   0.19502 -174.9455   0.44137  167.6801
  37.00000   0.17360 -172.4053   0.42224  167.6801
  38.00000   0.15345 -169.3422   0.40353  167.6801
  39.00000   0.13470 -165.6051   0.38527  167.6801
  40.00000   0.11749 -160.9940   0.36747  167.6801
  41.00000   0.10203 -155.2538   0.35015  167.6801
  42.00000   0.08858 -148.0874   0.33334  167.6801
  43.00000   0.07750 -139.2204   0.31704  167.6801
  44.00000   0.06918 -128.5666   0.30126  167.6801
  45.00000   0.06396 -116.4765   0.28601  167.6801
  46.00000   0.06191 -103.8584   0.27130  167.6801
  47.00000   0.06270  -91.8742   0.25713  167.6801
  48.00000   0.06568  -81.3837   0.24349  167.6801
  49.00000   0.07011  -72.6852   0.23040  167.6801
  50.00000   0.07536  -65.6638   0.21785  167.6801
  51.00000   0.08096  -60.0378   0.20582  167.6801
  52.00000   0.08660  -55.5123   0.19432  167.6801
  53.00000   0.09207  -51.8374   0.18334  167.6801
  54.00000   0.09724  -48.8185   0.17287  167.6801
  55.00000   0.10203  -46.3083   0.16289  167.6801
  56.00000   0.10641  -44.1967   0.15340  167.6801
  57.00000   0.11035  -42.4009   0.14439  167.6801
  58.00000   0.11384  -40.8583   0.13584  167.6801
  59.00000   0.11689  -39.5213   0.12774  167.6801
  60.00000   0.11951  -38.3528   0.12007  167.6801
  61.00000   0.12173  -37.3240   0.11283  167.6801
  62.00000   0.12355  -36.4120   0.10599  167.6801
  63.00000   0.12500  -35.5986   0.09955  167.6801
  64.00000   0.12610  -34.8691   0.09348  167.6801
  65.00000   0.12688  -34.2114   0.08777  167.6801
  66.00000   0.12737  -33.6158   0.08242  167.6801
  67.00000   0.12757  -33.0740   0.07740  167.6801
  68.00000   0.12753  -32.5791   0.07269  167.6801
  69.00000   0.12725  -32.1256   0.06830  167.6801
  70.00000   0.12676  -31.7084   0.06419  167.6801
  71.00000   0.12609  -31.3235   0.06037  167.6801
  72.00000   0.12524  -30.9673   0.05681  167.6801
  73.00000   0.12424  -30.6367   0.05350  167.6801
  74.00000   0.12311  -30.3291   0.05044  167.6801
  75.00000   0.12185  -30.0422   0.04760  167.6801
  76.00000   0.12049  -29.7739   0.04498  167.6801
  77.00000   0.11904  -29.5226   0.04256  167.6801
  78.00000   0.11750  -29.2866   0.04035  167.6801
  79.00000   0.11590  -29.0645   0.03831  167.6801
  80.00000   0.11423  -28.8552   0.03646  167.6801
  81.00000   0.11252  -28.6575   0.03477  167.6801
  82.00000   0.11076  -28.4704   0.03323  167.6801
  83.00000   0.10896  -28.2931   0.03185  167.6801
  84.00000   0.10714  -28.1248   0.03061  167.6801
  85.00000   0.10528  -27.9648   0.02951  167.6801
  86.00000   0.10341  -27.8124   0.02853  167.6801
  87.00000   0.10152  -27.6671   0.02767  167.6801
  88.00000   0.09961  -27.5282   0.02692  167.6801
  89.00000   0.09769  -27.3954   0.02629  167.6801
  90.00000   0.09576  -27.2682   0.02575  167.6801
  91.00000   0.09381  -27.1461   0.02531  167.6801
  92.00000   0.09185  -27.0288   0.02497  167.6801
  93.00000   0.08989  -26.9160   0.02471  167.6801
  94.00000   0.08790  -26.8072   0.02453  167.6801
  95.00000   0.08591  -26.7023   0.02443  167.6801
  96.00000   0.08390  -26.6010   0.02440  167.6801
  97.00000   0.08187  -26.5029   0.02444  167.6801
  98.00000   0.07983  -26.4079   0.02454  167.6801
  99.00000   0.07776  -26.3158   0.02471  167.6801
 100.00000   0.07567  -26.2262   0.02494  167.6801
 101.00000   0.07355  -26.1391   0.02521  167.6801
 102.00000   0.07140  -26.0541   0.02554  167.6801
 103.00000   0.06923  -25.9713   0.02592  167.6801
 104.00000   0.06701  -25.8903   0.02633  167.6801
 105.00000   0.06476  -25.8110   0.02679  167.6801
 106.00000   0.06247  -25.7333   0.02729  167.6801
 107.00000   0.06013  -25.6569   0.02781  167.6801
 108.00000   0.05775  -25.5819   0.02837  167.6801
 109.00000   0.05532  -25.5079   0.02895  167.6801
 110.00000   0.05284  -25.4350   0.02955  167.6801
 111.00000   0.05030  -25.3629   0.03017  167.6801
 112.00000   0.04772  -25.2915   0.03080  167.6801
 113.00000   0.04508  -25.2207   0.03144  167.6801
 114.00000   0.04239  -25.1503   0.03209  167.6801
 115.00000   0.03964  -25.0803   0.03274  167.6801
 116.00000   0.03683  -25.0105   0.03338  167.6801
 117.00000   0.03397  -24.9408   0.03402  167.6801
 118.00000   0.03106  -24.8710   0.03464  167.6801
 119.00000   0.02809  -24.8010   0.03525  167.6801
 120.00000   0.02508  -24.7307   0.03583  167.6801
 121.00000   0.02202  -24.6600   0.03639  167.6801
 122.00000   0.01892  -24.5886   0.03691  167.6801
 123.00000   0.01579  -24.5166   0.03740  167.6801
 124.00000   0.01262  -24.4436   0.03784  167.6801
 125.00000   0.00942  -24.3696   0.03823  167.6801
 126.00000   0.00620  -24.2944   0.03857  167.6801
 127.00000   0.00297  -24.2178   0.03884  167.6801
 128.00000   0.00026  155.8603   0.03905  167.6801
 129.00000   0.00350  155.9402   0.03919  167.6801
 130.00000   0.00672  156.0219   0.03926  167.6801
 131.00000   0.00992  156.1058   0.03924  167.6801
 132.00000   0.01310  156.1921   0.03913  167.6801
 133.00000   0.01623  156.2809   0.03893  167.6801
 134.00000   0.01931  156.3725   0.03864  167.6801
 135.00000   0.02234  156.4672   0.03824  167.6801
 136.00000   0.02529  156.5652   0.03774  167.6801
 137.00000   0.02816  156.6669   0.03713  167.6801
 138.00000   0.03093  156.7725   0.03640  167.6801
 139.00000   0.03360  156.8824   0.03557  167.6801
 140.00000   0.03616  156.9969   0.03461  167.6801
 141.00000   0.03859  157.1164   0.03354  167.6801
 142.00000   0.04089  157.2414   0.03235  167.6801
 143.00000   0.04305  157.3722   0.03104  167.6801
 144.00000   0.04505  157.5094   0.02961  167.6801
 145.00000   0.04690  157.6533   0.02806  167.6801
 146.00000   0.04858  157.8046   0.02640  167.6801
 147.00000   0.05009  157.9638   0.02462  167.6801
 148.00000   0.05142  158.1314   0.02273  167.6801
 149.00000   0.05258  158.3081   0.02074  167.6801
 150.00000   0.05356  158.4946   0.01865  167.6801
 151.00000   0.05435  158.6915   0.01647  167.6801
 152.00000   0.05497  158.8995   0.01420  167.6801
 153.00000   0.05540  159.1194   0.01185  167.6801
 154.00000   0.05567  159.3518   0.00944  167.6801
 155.00000   0.05576  159.5976   0.00696  167.6801
 156.00000   0.05570  159.8574   0.00444  167.6801
 157.00000   0.05548  160.1318   0.00187  167.6801
 158.00000   0.05511  160.4216   0.00072  -12.3199
 159.00000   0.05461  160.7272   0.00332  -12.3199
 160.00000   0.05399  161.0490   0.00593  -12.3199
 161.00000   0.05327  161.3871   0.00852  -12.3199
 162.00000   0.05244  161.7416   0.01110  -12.3199
 163.00000   0.05154  162.1121   0.01363  -12.3199
 164.00000   0.05058  162.4978   0.01611  -12.3199
 165.00000   0.04957  162.8975   0.01853  -12.3199
 166.00000   0.04852  163.3093   0.02086  -12.3199
 167.00000   0.04746  163.7308   0.02311  -12.3199
 168.00000   0.04640  164.1588   0.02524  -12.3199
 169.00000   0.04536  164.5892   0.02726  -12.3199
 170.00000   0.04436  165.0172   0.02915  -12.3199
 171.00000   0.04340  165.4370   0.03090  -12.3199
 172.00000   0.04250  165.8421   0.03249  -12.3199
 173.00000   0.04167  166.2254   0.03392  -12.3199
 174.00000   0.04093  166.5791   0.03518  -12.3199
 175.00000   0.04029  166.8955   0.03626  -12.3199
 176.00000   0.03975  167.1670   0.03715  -12.3199
 177.00000   0.03932  167.3865   0.03785  -12.3199
 178.00000   0.03901  167.5479   0.03836  -12.3199
 179.00000   0.03882  167.6468   0.03866  -12.3199
 180.00000   0.03876  167.6801   0.03876  -12.3199
