   0.00000   1.00000  100.2754   1.00000  100.2754
   1.00000   0.99833  100.2823   0.99880  100.2754
   2.00000   0.99334  100.3031   0.99520  100.2754
   3.00000   0.98506  100.3380   0.98923  100.2754
   4.00000   0.97356  100.3872   0.98092  100.2755
   5.00000   0.95895  100.4512   0.97034  100.2755
   6.00000   0.94134  100.5307   0.95755  100.2756
   7.00000   0.92087  100.6262   0.94264  100.2757
   8.00000   0.89771  100.7388   0.92570  100.2758
   9.00000   0.87205  100.8696   0.90685  100.2759
  10.00000   0.84408  101.0198   0.88619  100.2761
  11.00000   0.81403  101.1910   0.86388  100.2762
  12.00000   0.78212  101.3852   0.84003  100.2764
  13.00000   0.74859  101.6046   0.81479  100.2766
  14.00000   0.71369  101.8519   0.78832  100.2768
  15.00000   0.67768  102.1302   0.76077  100.2770
  16.00000   0.64079  102.4435   0.73230  100.2772
  17.00000   0.60328  102.7963   0.70305  100.2775
  18.00000   0.56539  103.1942   0.67320  100.2778
  19.00000   0.52738  103.6442   0.64288  100.2781
  20.00000   0.48946  104.1546   0.61227  100.2785
  21.00000   0.45187  104.7360   0.58149  100.2789
  22.00000   0.41481  105.4015   0.55071  100.2793
  23.00000   0.37848  106.1680   0.52004  100.2797
  24.00000   0.34307  107.0571   0.48963  100.2802
  25.00000   0.30875  108.0973   0.45959  100.2808
  26.00000   0.27568  109.3262   0.43003  100.2814
  27.00000   0.24401  110.7952   0.40106  100.2821
  28.00000   0.21388  112.5756   0.37278  100.2828
  29.00000   0.18542  114.7683   0.34526  100.2836
  30.00000   0.15876  117.5203   0.31858  100.2845
  31.00000   0.13407  121.0508   0.29280  100.2855
  32.00000   0.11153  125.6935   0.26799  100.2866
  33.00000   0.09142  131.9593   0.24418  100.2879
  34.00000   0.07416  140.6022   0.22141  100.2894
  35.00000   0.06044  152.5641   0.19972  100.2910
  36.00000   0.05117  168.3975   0.17911  100.2929
  37.00000   0.04709 -173.1322   0.15959  100.2951
  38.00000   0.04790 -155.3707   0.14118  100.2977
  39.00000   0.05207 -141.0253   0.12386  100.3007
  40.00000   0.05789 -130.4576   0.10763  100.3044
  41.00000   0.06419 -122.8371   0.09247  100.3089
  42.00000   0.07028 -117.2681   0.07835  100.3146
  43.00000   0.07581 -113.0961   0.06525  100.3220
  44.00000   0.08060 -109.8877   0.05315  100.3319
  45.00000   0.08460 -107.3598   0.04200  100.3458
  46.00000   0.08778 -105.3254   0.03177  100.3670
  47.00000   0.09017 -103.6576   0.02241  100.4029
  48.00000   0.09180 -102.2686   0.01390  100.4769
  49.00000   0.09274 -101.0957   0.00619  100.7184
  50.00000   0.09303 -100.0934   0.00077  -83.1987
  51.00000   0.09273  -99.2280   0.00702  -80.0973
  52.00000   0.09191  -98.4738   0.01260  -79.9270
  53.00000   0.09063  -97.8113   0.01756  -79.8660
  54.00000   0.08895  -97.2250   0.02193  -79.8347
  55.00000   0.08691  -96.7027   0.02576  -79.8156
  56.00000   0.08459  -96.2349   0.02910  -79.8028
  57.00000   0.08202  -95.8135   0.03197  -79.7936
  58.00000   0.07926  -95.4322   0.03442  -79.7866
  59.00000   0.07635  -95.0856   0.03648  -79.7812
  60.00000   0.07332  -94.7693   0.03819  -79.7769
  61.00000   0.07022  -94.4795   0.03959  -79.7734
  62.00000   0.06707  -94.2131   0.04069  -79.7704
  63.00000   0.06392  -93.9675   0.04154  -79.7679
  64.00000   0.06077  -93.7403   0.04215  -79.7658
  65.00000   0.05766  -93.5296   0.04256  -79.7639
  66.00000   0.05461  -93.3337   0.04279  -79.7623
  67.00000   0.05163  -93.1511   0.04286  -79.7609
  68.00000   0.04873  -92.9804   0.04278  -79.7596
  69.00000   0.04594  -92.8207   0.04259  -79.7585
  70.00000   0.04325  -92.6707   0.04229  -79.7575
  71.00000   0.04068  -92.5298   0.04190  -79.7566
  72.00000   0.03824  -92.3970   0.04144  -79.7557
  73.00000   0.03592  -92.2717   0.04092  -79.7550
  74.00000   0.03373  -92.1532   0.04034  -79.7543
  75.00000   0.03168  -92.0410   0.03973  -79.7536
  76.00000   0.02976  -91.9346   0.03908  -79.7531
  77.00000   0.02797  -91.8336   0.03841  -79.7525
  78.00000   0.02631  -91.7374   0.03773  -79.7520
  79.00000   0.02479  -91.6458   0.03703  -79.7516
  80.00000   0.02339  -91.5584   0.03633  -79.7511
  81.00000   0.02212  -91.4748   0.03563  -79.7507
  82.00000   0.02098  -91.3949   0.03493  -79.7503
  83.00000   0.01995  -91.3183   0.03424  -79.7500
  84.00000   0.01904  -91.2448   0.03355  -79.7497
  85.00000   0.01824  -91.1742   0.03288  -79.7494
  86.00000   0.01755  -91.1063   0.03221  -79.7491
  87.00000   0.01696  -91.0408   0.03156  -79.7488
  88.00000   0.01647  -90.9777   0.03093  -79.7485
  89.00000   0.01608  -90.9167   0.03030  -79.7483
  90.00000   0.01578  -90.8577   0.02969  -79.7480
  91.00000   0.01557  -90.8006   0.02909  -79.7478
  92.00000   0.01544  -90.7452   0.02851  -79.7476
  93.00000   0.01539  -90.6915   0.02793  -79.7474
  94.00000   0.01541  -90.6392   0.02736  -79.7472
  95.00000   0.01551  -90.5883   0.02680  -79.7471
  96.00000   0.01567  -90.5386   0.02624  -79.7469
  97.00000   0.01589  -90.4902   0.02569  -79.7467
  98.00000   0.01617  -90.4428   0.02514  -79.7466
  99.00000   0.01651  -90.3964   0.02459  -79.7464
 100.00000   0.01689  -90.3509   0.02403  -79.7463
 101.00000   0.01732  -90.3062   0.02347  -79.7461
 102.00000   0.01779  -90.2623   0.02290  -79.7460
 103.00000   0.01830  -90.2190   0.02232  -79.7459
 104.00000   0.01883  -90.1763   0.02173  -79.7458
 105.00000   0.01940  -90.1341   0.02112  -79.7457
 106.00000   0.01998  -90.0924   0.02049  -79.7456
 107.00000   0.02058  -90.0510   0.01984  -79.7454
 108.00000   0.02119  -90.0100   0.01917  -79.7453
 109.00000   0.02180  -89.9691   0.01846  -79.7452
 110.00000   0.02241  -89.9284   0.01773  -79.7452
 111.00000   0.02301  -89.8878   0.01697  -79.7451
 112.00000   0.02359  -89.8473   0.01617  -79.7450
 113.00000   0.02416  -89.8067   0.01533  -79.7449
 114.00000   0.02469  -89.7659   0.01446  -79.7448
 115.00000   0.02519  -89.7250   0.01355  -79.7447
 116.00000   0.02565  -89.6838   0.01259  -79.7447
 117.00000   0.02606  -89.6422   0.01159  -79.7446
 118.00000   0.02641  -89.6003   0.01056  -79.7445
 119.00000   0.02670  -89.5578   0.00947  -79.7445
 120.00000   0.02692  -89.5147   0.00835  -79.7444
 121.00000   0.02706  -89.4710   0.00718  -79.7443
 122.00000   0.02711  -89.4265   0.00597  -79.7443
 123.00000   0.02708  -89.3812   0.00472  -79.7442
 124.00000   0.02694  -89.3349   0.00344  -79.7442
 125.00000   0.02671  -89.2875   0.00212  -79.7441
 126.00000   0.02637  -89.2390   0.00078  -79.7441
 127.00000   0.02591  -89.1892   0.00060  100.2560
 128.00000   0.02534  -89.1380   0.00199  100.2560
 129.00000   0.02466  -89.0852   0.00340  100.2561
 130.00000   0.02385  -89.0308   0.00482  100.2561
 131.00000   0.02292  -88.9746   0.00623  100.2562
 132.00000   0.02187  -88.9163   0.00764  100.2562
 133.00000   0.02070  -88.8559   0.00904  100.2562
 134.00000   0.01942  -88.7932   0.01041  100.2563
 135.00000   0.01802  -88.7280   0.01175  100.2563
 136.00000   0.01651  -88.6600   0.01305  100.2563
 137.00000   0.01490  -88.5891   0.01429  100.2564
 138.00000   0.01320  -88.5150   0.01547  100.2564
 139.00000   0.01141  -88.4374   0.01657  100.2564
 140.00000   0.00954  -88.3561   0.01759  100.2565
 141.00000   0.00761  -88.2708   0.01851  100.2565
 142.00000   0.00562  -88.1812   0.01932  100.2565
 143.00000   0.00359  -88.0869   0.02001  100.2566
 144.00000   0.00154  -87.9875   0.02057  100.2566
 145.00000   0.00053   92.1173   0.02100  100.2566
 146.00000   0.00260   92.2280   0.02128  100.2566
 147.00000   0.00465   92.3451   0.02141  100.2567
 148.00000   0.00667   92.4689   0.02138  100.2567
 149.00000   0.00864   92.6001   0.02118  100.2567
 150.00000   0.01055   92.7392   0.02081  100.2567
 151.00000   0.01239   92.8867   0.02027  100.2568
 152.00000   0.01414   93.0433   0.01956  100.2568
 153.00000   0.01580   93.2097   0.01867  100.2568
 154.00000   0.01734   93.3864   0.01762  100.2568
 155.00000   0.01877   93.5742   0.01640  100.2568
 156.00000   0.02007   93.7737   0.01503  100.2568
 157.00000   0.02124   93.9857   0.01351  100.2569
 158.00000   0.02228   94.2107   0.01184  100.2569
 159.00000   0.02318   94.4493   0.01006  100.2569
 160.00000   0.02394   94.7020   0.00816  100.2569
 161.00000   0.02456   94.9693   0.00616  100.2569
 162.00000   0.02506   95.2513   0.00408  100.2569
 163.00000   0.02543   95.5479   0.00195  100.2569
 164.00000   0.02568   95.8588   0.00023  -79.7431
 165.00000   0.02582   96.1833   0.00242  -79.7430
 166.00000   0.02587   96.5202   0.00461  -79.7430
 167.00000   0.02583   96.8676   0.00678  -79.7430
 168.00000   0.02572   97.2231   0.00889  -79.7430
 169.00000   0.02555   97.5834   0.01094  -79.7430
 170.00000   0.02534   97.9445   0.01290  -79.7430
 171.00000   0.02509   98.3015   0.01474  -79.7430
 172.00000   0.02482   98.6487   0.01645  -79.7430
 173.00000   0.02456   98.9795   0.01801  -79.7430
 174.00000   0.02430   99.2869   0.01940  -79.7430
 175.00000   0.02406   99.5637   0.02060  -79.7430
 176.00000   0.02384   99.8024   0.02161  -79.7430
 177.00000   0.02367   99.9964   0.02240  -79.7430
 178.00000   0.02354  100.1395   0.02297  -79.7430
 179.00000   0.02346  100.2274   0.02332  -79.7430
 180.00000   0.02344  100.2570   0.02344  -79.7430
