   0.00000   1.00000 -132.6118   1.00000 -132.6118
   1.00000   0.99844 -132.6042   0.99886 -132.6126
   2.00000   0.99376 -132.5812   0.99545 -132.6148
   3.00000   0.98601 -132.5426   0.98979 -132.6185
   4.00000   0.97525 -132.4882   0.98191 -132.6237
   5.00000   0.96156 -132.4175   0.97188 -132.6304
   6.00000   0.94505 -132.3299   0.95974 -132.6387
   7.00000   0.92585 -132.2247   0.94558 -132.6485
   8.00000   0.90410 -132.1011   0.92949 -132.6600
   9.00000   0.87998 -131.9579   0.91156 -132.6732
  10.00000   0.85366 -131.7938   0.89191 -132.6882
  11.00000   0.82535 -131.6074   0.87065 -132.7050
  12.00000   0.79525 -131.3968   0.84791 -132.7237
  13.00000   0.76357 -131.1599   0.82383 -132.7444
  14.00000   0.73054 -130.8942   0.79854 -132.7672
  15.00000   0.69639 -130.5967   0.77218 -132.7922
  16.00000   0.66134 -130.2639   0.74490 -132.8197
  17.00000   0.62563 -129.8916   0.71684 -132.8496
  18.00000   0.58947 -129.4749   0.68814 -132.8823
  19.00000   0.55310 -129.0077   0.65897 -132.9179
  20.00000   0.51673 -128.4829   0.62944 -132.9567
  21.00000   0.48057 -127.8917   0.59971 -132.9988
  22.00000   0.44480 -127.2233   0.56990 -133.0447
  23.00000   0.40963 -126.4644   0.54015 -133.0947
  24.00000   0.37522 -125.5983   0.51058 -133.1491
  25.00000   0.34174 -124.6041   0.48130 -133.2083
  26.00000   0.30934 -123.4547   0.45242 -133.2731
  27.00000   0.27817 -122.1155   0.42404 -133.3438
  28.00000   0.24834 -120.5405   0.39625 -133.4213
  29.00000   0.21998 -118.6687   0.36914 -133.5064
  30.00000   0.19321 -116.4175   0.34277 -133.6000
  31.00000   0.16815 -113.6732   0.31722 -133.7034
  32.00000   0.14491 -110.2778   0.29254 -133.8179
  33.00000   0.12367 -106.0104   0.26877 -133.9453
  34.00000   0.10459 -100.5654   0.24596 -134.0876
  35.00000   0.08796  -93.5400   0.22414 -134.2473
  36.00000   0.07414  -84.4718   0.20332 -134.4277
  37.00000   0.06357  -73.0250   0.18353 -134.6328
  38.00000   0.05670  -59.4167   0.16477 -134.8676
  39.00000   0.05363  -44.8204   0.14704 -135.1389
  40.00000   0.05387  -31.0015   0.13034 -135.4555
  41.00000   0.05645  -19.2506   0.11466 -135.8294
  42.00000   0.06034   -9.8903   0.09998 -136.2771
  43.00000   0.06475   -2.6260   0.08628 -136.8222
  44.00000   0.06914    3.0035   0.07355 -137.4998
  45.00000   0.07322    7.4124   0.06175 -138.3637
  46.00000   0.07681   10.9182   0.05085 -139.5012
  47.00000   0.07982   13.7513   0.04084 -141.0640
  48.00000   0.08222   16.0765   0.03169 -143.3390
  49.00000   0.08401   18.0122   0.02338 -146.9373
  50.00000   0.08521   19.6444   0.01597 -153.3988
  51.00000   0.08586   21.0366   0.00966 -167.6207
  52.00000   0.08600   22.2362   0.00564  153.5724
  53.00000   0.08567   23.2793   0.00671   99.3206
  54.00000   0.08492   24.1938   0.01059   76.4798
  55.00000   0.08380   25.0014   0.01470   67.3294
  56.00000   0.08235   25.7192   0.01852   62.6535
  57.00000   0.08062   26.3612   0.02196   59.8518
  58.00000   0.07866   26.9384   0.02499   57.9946
  59.00000   0.07649   27.4599   0.02764   56.6763
  60.00000   0.07417   27.9333   0.02993   55.6934
  61.00000   0.07173   28.3648   0.03189   54.9331
  62.00000   0.06920   28.7595   0.03355   54.3280
  63.00000   0.06660   29.1220   0.03492   53.8351
  64.00000   0.06398   29.4559   0.03604   53.4262
  65.00000   0.06134   29.7645   0.03693   53.0816
  66.00000   0.05871   30.0505   0.03761   52.7874
  67.00000   0.05611   30.3162   0.03810   52.5334
  68.00000   0.05356   30.5638   0.03844   52.3120
  69.00000   0.05107   30.7950   0.03862   52.1173
  70.00000   0.04865   31.0115   0.03868   51.9449
  71.00000   0.04632   31.2145   0.03863   51.7912
  72.00000   0.04407   31.4054   0.03847   51.6534
  73.00000   0.04192   31.5852   0.03824   51.5291
  74.00000   0.03988   31.7548   0.03792   51.4165
  75.00000   0.03794   31.9152   0.03755   51.3141
  76.00000   0.03611   32.0671   0.03713   51.2205
  77.00000   0.03439   32.2113   0.03666   51.1348
  78.00000   0.03279   32.3482   0.03616   51.0559
  79.00000   0.03130   32.4786   0.03562   50.9832
  80.00000   0.02992   32.6029   0.03507   50.9159
  81.00000   0.02865   32.7215   0.03450   50.8534
  82.00000   0.02749   32.8350   0.03391   50.7954
  83.00000   0.02643   32.9437   0.03332   50.7413
  84.00000   0.02548   33.0479   0.03272   50.6908
  85.00000   0.02463   33.1480   0.03212   50.6435
  86.00000   0.02388   33.2443   0.03151   50.5992
  87.00000   0.02323   33.3371   0.03091   50.5576
  88.00000   0.02266   33.4265   0.03031   50.5185
  89.00000   0.02219   33.5130   0.02971   50.4816
  90.00000   0.02180   33.5966   0.02911   50.4469
  91.00000   0.02149   33.6776   0.02852   50.4140
  92.00000   0.02126   33.7561   0.02793   50.3830
  93.00000   0.02110   33.8325   0.02734   50.3536
  94.00000   0.02101   33.9068   0.02675   50.3257
  95.00000   0.02099   33.9791   0.02616   50.2992
  96.00000   0.02103   34.0498   0.02556   50.2741
  97.00000   0.02112   34.1188   0.02497   50.2501
  98.00000   0.02127   34.1863   0.02437   50.2274
  99.00000   0.02147   34.2525   0.02376   50.2057
 100.00000   0.02171   34.3175   0.02315   50.1850
 101.00000   0.02199   34.3814   0.02252   50.1653
 102.00000   0.02231   34.4444   0.02188   50.1464
 103.00000   0.02265   34.5065   0.02123   50.1284
 104.00000   0.02303   34.5678   0.02056   50.1112
 105.00000   0.02342   34.6285   0.01987   50.0947
 106.00000   0.02382   34.6887   0.01915   50.0789
 107.00000   0.02424   34.7484   0.01842   50.0638
 108.00000   0.02466   34.8079   0.01765   50.0493
 109.00000   0.02508   34.8670   0.01686   50.0354
 110.00000   0.02549   34.9261   0.01604   50.0221
 111.00000   0.02589   34.9852   0.01519   50.0093
 112.00000   0.02626   35.0443   0.01430   49.9970
 113.00000   0.02662   35.1037   0.01338   49.9851
 114.00000   0.02693   35.1633   0.01242   49.9738
 115.00000   0.02721   35.2234   0.01142   49.9628
 116.00000   0.02745   35.2839   0.01039   49.9523
 117.00000   0.02763   35.3451   0.00932   49.9422
 118.00000   0.02775   35.4070   0.00820   49.9325
 119.00000   0.02781   35.4698   0.00705   49.9231
 120.00000   0.02780   35.5336   0.00587   49.9140
 121.00000   0.02771   35.5985   0.00465   49.9053
 122.00000   0.02754   35.6646   0.00339   49.8969
 123.00000   0.02727   35.7321   0.00210   49.8889
 124.00000   0.02692   35.8012   0.00079   49.8811
 125.00000   0.02647   35.8720   0.00055 -130.1265
 126.00000   0.02592   35.9446   0.00191 -130.1337
 127.00000   0.02526   36.0193   0.00329 -130.1407
 128.00000   0.02450   36.0962   0.00468 -130.1474
 129.00000   0.02362   36.1756   0.00607 -130.1539
 130.00000   0.02264   36.2575   0.00746 -130.1602
 131.00000   0.02155   36.3423   0.00884 -130.1663
 132.00000   0.02035   36.4302   0.01020 -130.1721
 133.00000   0.01905   36.5214   0.01153 -130.1777
 134.00000   0.01764   36.6162   0.01283 -130.1832
 135.00000   0.01614   36.7149   0.01409 -130.1884
 136.00000   0.01454   36.8178   0.01529 -130.1935
 137.00000   0.01286   36.9252   0.01643 -130.1983
 138.00000   0.01110   37.0375   0.01750 -130.2030
 139.00000   0.00927   37.1551   0.01848 -130.2076
 140.00000   0.00738   37.2783   0.01937 -130.2119
 141.00000   0.00544   37.4076   0.02015 -130.2161
 142.00000   0.00346   37.5436   0.02082 -130.2202
 143.00000   0.00146   37.6865   0.02137 -130.2241
 144.00000   0.00055 -142.1629   0.02178 -130.2279
 145.00000   0.00257 -142.0041   0.02206 -130.2315
 146.00000   0.00457 -141.8365   0.02218 -130.2350
 147.00000   0.00654 -141.6594   0.02215 -130.2383
 148.00000   0.00848 -141.4722   0.02197 -130.2415
 149.00000   0.01036 -141.2741   0.02162 -130.2446
 150.00000   0.01217 -141.0644   0.02110 -130.2476
 151.00000   0.01391 -140.8422   0.02042 -130.2504
 152.00000   0.01555 -140.6066   0.01957 -130.2531
 153.00000   0.01710 -140.3569   0.01855 -130.2557
 154.00000   0.01854 -140.0920   0.01738 -130.2582
 155.00000   0.01986 -139.8112   0.01605 -130.2606
 156.00000   0.02106 -139.5135   0.01457 -130.2629
 157.00000   0.02214 -139.1981   0.01295 -130.2650
 158.00000   0.02309 -138.8642   0.01121 -130.2671
 159.00000   0.02391 -138.5111   0.00935 -130.2690
 160.00000   0.02460 -138.1383   0.00738 -130.2709
 161.00000   0.02517 -137.7454   0.00534 -130.2726
 162.00000   0.02561 -137.3325   0.00322 -130.2743
 163.00000   0.02594 -136.9000   0.00106 -130.2758
 164.00000   0.02616 -136.4485   0.00114   49.7227
 165.00000   0.02629 -135.9794   0.00334   49.7213
 166.00000   0.02633 -135.4950   0.00554   49.7201
 167.00000   0.02629 -134.9979   0.00770   49.7189
 168.00000   0.02619 -134.4919   0.00981   49.7178
 169.00000   0.02603 -133.9819   0.01184   49.7168
 170.00000   0.02584 -133.4736   0.01378   49.7159
 171.00000   0.02562 -132.9740   0.01560   49.7151
 172.00000   0.02538 -132.4910   0.01729   49.7144
 173.00000   0.02514 -132.0331   0.01883   49.7137
 174.00000   0.02491 -131.6098   0.02019   49.7132
 175.00000   0.02470 -131.2307   0.02138   49.7127
 176.00000   0.02452 -130.9050   0.02236   49.7123
 177.00000   0.02436 -130.6414   0.02314   49.7120
 178.00000   0.02425 -130.4473   0.02370   49.7118
 179.00000   0.02418 -130.3284   0.02404   49.7117
 180.00000   0.02416 -130.2884   0.02416   49.7116
