   0.00000   1.00000   80.1818   1.00000   80.1818
   1.00000   0.99785   80.1901   0.99840   80.1807
   2.00000   0.99142   80.2152   0.99360   80.1776
   3.00000   0.98077   80.2575   0.98566   80.1723
   4.00000   0.96602   80.3173   0.97463   80.1649
   5.00000   0.94733   80.3956   0.96061   80.1553
   6.00000   0.92487   80.4933   0.94371   80.1434
   7.00000   0.89888   80.6119   0.92408   80.1292
   8.00000   0.86963   80.7528   0.90186   80.1124
   9.00000   0.83740   80.9183   0.87725   80.0930
  10.00000   0.80250   81.1107   0.85043   80.0708
  11.00000   0.76528   81.3334   0.82161   80.0456
  12.00000   0.72608   81.5899   0.79101   80.0172
  13.00000   0.68526   81.8851   0.75886   79.9853
  14.00000   0.64320   82.2246   0.72539   79.9496
  15.00000   0.60025   82.6156   0.69084   79.9096
  16.00000   0.55678   83.0670   0.65546   79.8650
  17.00000   0.51315   83.5902   0.61946   79.8153
  18.00000   0.46969   84.1997   0.58309   79.7597
  19.00000   0.42675   84.9141   0.54658   79.6976
  20.00000   0.38463   85.7583   0.51012   79.6280
  21.00000   0.34363   86.7653   0.47394   79.5499
  22.00000   0.30401   87.9806   0.43822   79.4618
  23.00000   0.26603   89.4676   0.40315   79.3622
  24.00000   0.22993   91.3176   0.36888   79.2488
  25.00000   0.19593   93.6654   0.33557   79.1192
  26.00000   0.16427   96.7171   0.30335   78.9699
  27.00000   0.13520  100.7978   0.27233   78.7964
  28.00000   0.10906  106.4343   0.24261   78.5929
  29.00000   0.08636  114.4809   0.21428   78.3514
  30.00000   0.06791  126.2107   0.18739   78.0608
  31.00000   0.05501  142.8691   0.16201   77.7051
  32.00000   0.04901  163.6253   0.13816   77.2604
  33.00000   0.04973 -176.0537   0.11586   76.6898
  34.00000   0.05490 -160.2334   0.09513   75.9323
  35.00000   0.06192 -149.2170   0.07596   74.8803
  36.00000   0.06914 -141.6691   0.05835   73.3245
  37.00000   0.07572 -136.3795   0.04229   70.7987
  38.00000   0.08128 -132.5559   0.02781   66.0235
  39.00000   0.08567 -129.7119   0.01518   54.0157
  40.00000   0.08884 -127.5469   0.00677    4.1924
  41.00000   0.09084 -125.8698   0.01110  -64.4159
  42.00000   0.09174 -124.5557   0.01954  -81.0716
  43.00000   0.09161 -123.5203   0.02748  -86.9563
  44.00000   0.09056 -122.7058   0.03450  -89.8949
  45.00000   0.08870 -122.0716   0.04057  -91.6467
  46.00000   0.08613 -121.5893   0.04572  -92.8072
  47.00000   0.08294 -121.2391   0.05001  -93.6314
  48.00000   0.07925 -121.0078   0.05350  -94.2464
  49.00000   0.07515 -120.8873   0.05626  -94.7224
  50.00000   0.07071 -120.8740   0.05837  -95.1015
  51.00000   0.06604 -120.9685   0.05987  -95.4104
  52.00000   0.06120 -121.1759   0.06083  -95.6667
  53.00000   0.05626 -121.5059   0.06132  -95.8828
  54.00000   0.05129 -121.9744   0.06138  -96.0672
  55.00000   0.04633 -122.6047   0.06108  -96.2264
  56.00000   0.04145 -123.4314   0.06046  -96.3651
  57.00000   0.03667 -124.5044   0.05957  -96.4871
  58.00000   0.03205 -125.8976   0.05845  -96.5950
  59.00000   0.02762 -127.7229   0.05714  -96.6912
  60.00000   0.02340 -130.1548   0.05567  -96.7775
  61.00000   0.01944 -133.4773   0.05408  -96.8552
  62.00000   0.01578 -138.1721   0.05240  -96.9255
  63.00000   0.01248 -145.0886   0.05066  -96.9895
  64.00000   0.00966 -155.7190   0.04887  -97.0479
  65.00000   0.00754 -172.2533   0.04705  -97.1014
  66.00000   0.00646  164.5262   0.04524  -97.1505
  67.00000   0.00662  140.0636   0.04343  -97.1958
  68.00000   0.00770  121.4363   0.04165  -97.2377
  69.00000   0.00919  109.2821   0.03990  -97.2765
  70.00000   0.01080  101.4192   0.03820  -97.3126
  71.00000   0.01238   96.1194   0.03655  -97.3462
  72.00000   0.01386   92.3760   0.03496  -97.3776
  73.00000   0.01521   89.6210   0.03343  -97.4069
  74.00000   0.01643   87.5233   0.03197  -97.4343
  75.00000   0.01750   85.8811   0.03059  -97.4601
  76.00000   0.01844   84.5658   0.02927  -97.4843
  77.00000   0.01924   83.4921   0.02804  -97.5071
  78.00000   0.01991   82.6016   0.02687  -97.5286
  79.00000   0.02047   81.8529   0.02578  -97.5489
  80.00000   0.02091   81.2161   0.02477  -97.5680
  81.00000   0.02124   80.6691   0.02382  -97.5862
  82.00000   0.02148   80.1951   0.02295  -97.6034
  83.00000   0.02162   79.7811   0.02215  -97.6197
  84.00000   0.02168   79.4170   0.02141  -97.6352
  85.00000   0.02165   79.0950   0.02074  -97.6499
  86.00000   0.02155   78.8085   0.02013  -97.6639
  87.00000   0.02138   78.5525   0.01958  -97.6772
  88.00000   0.02115   78.3227   0.01909  -97.6899
  89.00000   0.02085   78.1156   0.01866  -97.7021
  90.00000   0.02050   77.9283   0.01827  -97.7136
  91.00000   0.02009   77.7584   0.01794  -97.7247
  92.00000   0.01962   77.6038   0.01765  -97.7353
  93.00000   0.01911   77.4627   0.01741  -97.7454
  94.00000   0.01854   77.3336   0.01720  -97.7551
  95.00000   0.01793   77.2154   0.01704  -97.7643
  96.00000   0.01727   77.1068   0.01690  -97.7732
  97.00000   0.01657   77.0069   0.01680  -97.7818
  98.00000   0.01582   76.9149   0.01673  -97.7899
  99.00000   0.01503   76.8301   0.01669  -97.7978
 100.00000   0.01419   76.7517   0.01666  -97.8053
 101.00000   0.01331   76.6794   0.01666  -97.8126
 102.00000   0.01239   76.6124   0.01667  -97.8196
 103.00000   0.01142   76.5505   0.01669  -97.8263
 104.00000   0.01041   76.4932   0.01672  -97.8327
 105.00000   0.00936   76.4402   0.01675  -97.8390
 106.00000   0.00828   76.3911   0.01679  -97.8449
 107.00000   0.00715   76.3458   0.01682  -97.8507
 108.00000   0.00599   76.3039   0.01684  -97.8563
 109.00000   0.00479   76.2653   0.01686  -97.8616
 110.00000   0.00356   76.2297   0.01685  -97.8668
 111.00000   0.00231   76.1969   0.01683  -97.8718
 112.00000   0.00102   76.1669   0.01678  -97.8766
 113.00000   0.00028 -103.8605   0.01670  -97.8812
 114.00000   0.00160 -103.8854   0.01659  -97.8857
 115.00000   0.00293 -103.9080   0.01644  -97.8900
 116.00000   0.00427 -103.9284   0.01625  -97.8942
 117.00000   0.00561 -103.9465   0.01601  -97.8982
 118.00000   0.00694 -103.9626   0.01572  -97.9021
 119.00000   0.00825 -103.9766   0.01538  -97.9059
 120.00000   0.00954 -103.9886   0.01497  -97.9096
 121.00000   0.01080 -103.9986   0.01450  -97.9131
 122.00000   0.01202 -104.0067   0.01397  -97.9165
 123.00000   0.01318 -104.0129   0.01337  -97.9198
 124.00000   0.01428 -104.0172   0.01269  -97.9230
 125.00000   0.01531 -104.0196   0.01195  -97.9260
 126.00000   0.01626 -104.0202   0.01113  -97.9290
 127.00000   0.01711 -104.0188   0.01024  -97.9319
 128.00000   0.01786 -104.0155   0.00927  -97.9347
 129.00000   0.01850 -104.0103   0.00824  -97.9374
 130.00000   0.01901 -104.0031   0.00713  -97.9400
 131.00000   0.01939 -103.9938   0.00596  -97.9425
 132.00000   0.01964 -103.9825   0.00473  -97.9449
 133.00000   0.01973 -103.9690   0.00344  -97.9473
 134.00000   0.01967 -103.9534   0.00211  -97.9495
 135.00000   0.01946 -103.9354   0.00073  -97.9517
 136.00000   0.01909 -103.9150   0.00067   82.0462
 137.00000   0.01855 -103.8920   0.00210   82.0441
 138.00000   0.01785 -103.8665   0.00354   82.0421
 139.00000   0.01699 -103.8381   0.00497   82.0402
 140.00000   0.01598 -103.8069   0.00639   82.0384
 141.00000   0.01482 -103.7725   0.00778   82.0366
 142.00000   0.01351 -103.7348   0.00912   82.0349
 143.00000   0.01208 -103.6937   0.01041   82.0332
 144.00000   0.01052 -103.6488   0.01162   82.0316
 145.00000   0.00886 -103.5999   0.01274   82.0301
 146.00000   0.00711 -103.5468   0.01376   82.0286
 147.00000   0.00528 -103.4891   0.01465   82.0272
 148.00000   0.00340 -103.4265   0.01541   82.0258
 149.00000   0.00148 -103.3586   0.01603   82.0245
 150.00000   0.00045   76.7149   0.01648   82.0232
 151.00000   0.00239   76.7946   0.01676   82.0220
 152.00000   0.00430   76.8807   0.01686   82.0208
 153.00000   0.00616   76.9740   0.01678   82.0197
 154.00000   0.00797   77.0748   0.01651   82.0186
 155.00000   0.00970   77.1838   0.01604   82.0176
 156.00000   0.01133   77.3016   0.01537   82.0166
 157.00000   0.01285   77.4287   0.01452   82.0157
 158.00000   0.01425   77.5659   0.01348   82.0148
 159.00000   0.01552   77.7138   0.01226   82.0139
 160.00000   0.01664   77.8731   0.01087   82.0131
 161.00000   0.01763   78.0442   0.00933   82.0124
 162.00000   0.01846   78.2278   0.00766   82.0117
 163.00000   0.01915   78.4242   0.00586   82.0110
 164.00000   0.01970   78.6337   0.00397   82.0104
 165.00000   0.02011   78.8562   0.00201   82.0098
 166.00000   0.02039   79.0914   0.00000  -97.9908
 167.00000   0.02056   79.3385   0.00204  -97.9913
 168.00000   0.02062   79.5961   0.00407  -97.9918
 169.00000   0.02060   79.8623   0.00607  -97.9922
 170.00000   0.02050   80.1342   0.00801  -97.9926
 171.00000   0.02035   80.4082   0.00986  -97.9929
 172.00000   0.02015   80.6797   0.01160  -97.9933
 173.00000   0.01993   80.9431   0.01321  -97.9935
 174.00000   0.01971   81.1921   0.01465  -97.9938
 175.00000   0.01949   81.4198   0.01590  -97.9940
 176.00000   0.01929   81.6190   0.01696  -97.9942
 177.00000   0.01912   81.7827   0.01779  -97.9943
 178.00000   0.01900   81.9047   0.01840  -97.9944
 179.00000   0.01892   81.9801   0.01877  -97.9944
 180.00000   0.01889   82.0055   0.01889  -97.9945
