   0.00000   1.00000  168.7017   1.00000  168.7017
   1.00000   0.99854  168.7036   0.99899  168.6997
   2.00000   0.99416  168.7093   0.99595  168.6937
   3.00000   0.98689  168.7189   0.99091  168.6838
   4.00000   0.97680  168.7325   0.98390  168.6699
   5.00000   0.96395  168.7501   0.97496  168.6518
   6.00000   0.94843  168.7718   0.96414  168.6297
   7.00000   0.93036  168.7980   0.95150  168.6033
   8.00000   0.90987  168.8287   0.93711  168.5726
   9.00000   0.88709  168.8643   0.92106  168.5374
  10.00000   0.86220  168.9050   0.90344  168.4977
  11.00000   0.83535  168.9512   0.88434  168.4533
  12.00000   0.80674  169.0033   0.86387  168.4039
  13.00000   0.77655  169.0619   0.84213  168.3495
  14.00000   0.74497  169.1275   0.81925  168.2897
  15.00000   0.71221  169.2009   0.79535  168.2244
  16.00000   0.67848  169.2829   0.77053  168.1531
  17.00000   0.64397  169.3745   0.74493  168.0757
  18.00000   0.60888  169.4769   0.71866  167.9917
  19.00000   0.57343  169.5914   0.69186  167.9008
  20.00000   0.53779  169.7199   0.66464  167.8026
  21.00000   0.50217  169.8644   0.63712  167.6964
  22.00000   0.46673  170.0276   0.60942  167.5817
  23.00000   0.43166  170.2125   0.58165  167.4580
  24.00000   0.39711  170.4233   0.55391  167.3245
  25.00000   0.36322  170.6651   0.52632  167.1804
  26.00000   0.33015  170.9444   0.49898  167.0248
  27.00000   0.29801  171.2701   0.47196  166.8567
  28.00000   0.26691  171.6537   0.44536  166.6749
  29.00000   0.23696  172.1112   0.41925  166.4781
  30.00000   0.20824  172.6651   0.39371  166.2648
  31.00000   0.18082  173.3481   0.36880  166.0332
  32.00000   0.15477  174.2095   0.34458  165.7813
  33.00000   0.13014  175.3274   0.32110  165.5067
  34.00000   0.10698  176.8325   0.29840  165.2068
  35.00000   0.08534  178.9613   0.27652  164.8783
  36.00000   0.06529 -177.8135   0.25549  164.5174
  37.00000   0.04697 -172.4104   0.23532  164.1197
  38.00000   0.03081 -161.8525   0.21605  163.6798
  39.00000   0.01843 -136.5310   0.19767  163.1911
  40.00000   0.01549  -85.5947   0.18020  162.6459
  41.00000   0.02302  -51.1407   0.16364  162.0344
  42.00000   0.03321  -37.2774   0.14798  161.3446
  43.00000   0.04322  -30.6434   0.13321  160.5615
  44.00000   0.05243  -26.8548   0.11933  159.6659
  45.00000   0.06069  -24.4251   0.10631  158.6331
  46.00000   0.06795  -22.7407   0.09416  157.4308
  47.00000   0.07426  -21.5066   0.08284  156.0162
  48.00000   0.07965  -20.5646   0.07234  154.3313
  49.00000   0.08416  -19.8226   0.06264  152.2956
  50.00000   0.08787  -19.2234   0.05374  149.7963
  51.00000   0.09082  -18.7295   0.04561  146.6703
  52.00000   0.09307  -18.3155   0.03828  142.6790
  53.00000   0.09469  -17.9636   0.03175  137.4695
  54.00000   0.09573  -17.6609   0.02608  130.5293
  55.00000   0.09625  -17.3976   0.02137  121.1740
  56.00000   0.09629  -17.1667   0.01779  108.7244
  57.00000   0.09593  -16.9624   0.01552   93.1697
  58.00000   0.09519  -16.7803   0.01467   76.1060
  59.00000   0.09414  -16.6171   0.01505   60.2686
  60.00000   0.09281  -16.4699   0.01626   47.4488
  61.00000   0.09124  -16.3365   0.01790   37.7755
  62.00000   0.08948  -16.2149   0.01968   30.6000
  63.00000   0.08756  -16.1036   0.02145   25.2235
  64.00000   0.08551  -16.0013   0.02312   21.1133
  65.00000   0.08336  -15.9069   0.02465   17.9009
  66.00000   0.08113  -15.8195   0.02601   15.3371
  67.00000   0.07886  -15.7384   0.02720   13.2518
  68.00000   0.07657  -15.6627   0.02822   11.5276
  69.00000   0.07427  -15.5920   0.02909   10.0809
  70.00000   0.07197  -15.5256   0.02980    8.8518
  71.00000   0.06971  -15.4633   0.03037    7.7958
  72.00000   0.06749  -15.4045   0.03081    6.8796
  73.00000   0.06532  -15.3489   0.03113    6.0779
  74.00000   0.06321  -15.2962   0.03134    5.3710
  75.00000   0.06117  -15.2462   0.03146    4.7434
  76.00000   0.05921  -15.1986   0.03148    4.1827
  77.00000   0.05733  -15.1531   0.03143    3.6791
  78.00000   0.05553  -15.1097   0.03130    3.2244
  79.00000   0.05383  -15.0680   0.03111    2.8121
  80.00000   0.05222  -15.0280   0.03087    2.4366
  81.00000   0.05070  -14.9895   0.03057    2.0934
  82.00000   0.04928  -14.9523   0.03023    1.7786
  83.00000   0.04795  -14.9164   0.02985    1.4888
  84.00000   0.04672  -14.8816   0.02943    1.2214
  85.00000   0.04558  -14.8478   0.02898    0.9739
  86.00000   0.04453  -14.8150   0.02850    0.7442
  87.00000   0.04357  -14.7830   0.02799    0.5306
  88.00000   0.04269  -14.7518   0.02746    0.3314
  89.00000   0.04190  -14.7212   0.02691    0.1454
  90.00000   0.04119  -14.6912   0.02634   -0.0286
  91.00000   0.04056  -14.6618   0.02575   -0.1919
  92.00000   0.04000  -14.6328   0.02514   -0.3451
  93.00000   0.03951  -14.6042   0.02452   -0.4893
  94.00000   0.03909  -14.5760   0.02387   -0.6252
  95.00000   0.03873  -14.5481   0.02321   -0.7534
  96.00000   0.03842  -14.5204   0.02253   -0.8744
  97.00000   0.03817  -14.4928   0.02183   -0.9890
  98.00000   0.03796  -14.4654   0.02111   -1.0974
  99.00000   0.03780  -14.4381   0.02038   -1.2003
 100.00000   0.03767  -14.4108   0.01962   -1.2979
 101.00000   0.03758  -14.3835   0.01884   -1.3906
 102.00000   0.03751  -14.3561   0.01804   -1.4788
 103.00000   0.03746  -14.3286   0.01721   -1.5628
 104.00000   0.03743  -14.3009   0.01636   -1.6427
 105.00000   0.03740  -14.2730   0.01548   -1.7190
 106.00000   0.03738  -14.2448   0.01457   -1.7917
 107.00000   0.03736  -14.2163   0.01364   -1.8612
 108.00000   0.03733  -14.1874   0.01268   -1.9276
 109.00000   0.03728  -14.1581   0.01168   -1.9911
 110.00000   0.03721  -14.1284   0.01066   -2.0518
 111.00000   0.03712  -14.0981   0.00961   -2.1100
 112.00000   0.03699  -14.0672   0.00852   -2.1657
 113.00000   0.03682  -14.0356   0.00740   -2.2191
 114.00000   0.03660  -14.0034   0.00625   -2.2703
 115.00000   0.03633  -13.9704   0.00507   -2.3194
 116.00000   0.03600  -13.9366   0.00386   -2.3666
 117.00000   0.03560  -13.9018   0.00262   -2.4119
 118.00000   0.03514  -13.8661   0.00135   -2.4553
 119.00000   0.03460  -13.8293   0.00006   -2.4971
 120.00000   0.03398  -13.7914   0.00126  177.4627
 121.00000   0.03327  -13.7523   0.00259  177.4241
 122.00000   0.03247  -13.7118   0.00395  177.3869
 123.00000   0.03158  -13.6700   0.00531  177.3511
 124.00000   0.03060  -13.6266   0.00668  177.3167
 125.00000   0.02951  -13.5816   0.00806  177.2836
 126.00000   0.02833  -13.5349   0.00944  177.2517
 127.00000   0.02704  -13.4864   0.01081  177.2210
 128.00000   0.02565  -13.4359   0.01216  177.1914
 129.00000   0.02417  -13.3832   0.01350  177.1629
 130.00000   0.02258  -13.3283   0.01481  177.1355
 131.00000   0.02090  -13.2709   0.01608  177.1091
 132.00000   0.01913  -13.2110   0.01731  177.0836
 133.00000   0.01727  -13.1483   0.01849  177.0590
 134.00000   0.01533  -13.0826   0.01960  177.0354
 135.00000   0.01332  -13.0137   0.02065  177.0126
 136.00000   0.01124  -12.9414   0.02162  176.9907
 137.00000   0.00910  -12.8654   0.02250  176.9695
 138.00000   0.00691  -12.7856   0.02329  176.9491
 139.00000   0.00469  -12.7015   0.02397  176.9295
 140.00000   0.00243  -12.6129   0.02454  176.9106
 141.00000   0.00017  -12.5196   0.02499  176.8924
 142.00000   0.00210  167.5789   0.02530  176.8749
 143.00000   0.00436  167.6830   0.02548  176.8581
 144.00000   0.00659  167.7929   0.02552  176.8419
 145.00000   0.00879  167.9093   0.02541  176.8263
 146.00000   0.01094  168.0324   0.02514  176.8113
 147.00000   0.01303  168.1627   0.02472  176.7970
 148.00000   0.01504  168.3009   0.02413  176.7831
 149.00000   0.01697  168.4474   0.02339  176.7699
 150.00000   0.01880  168.6028   0.02248  176.7572
 151.00000   0.02052  168.7676   0.02141  176.7450
 152.00000   0.02212  168.9426   0.02019  176.7334
 153.00000   0.02360  169.1282   0.01881  176.7222
 154.00000   0.02495  169.3253   0.01728  176.7115
 155.00000   0.02617  169.5343   0.01562  176.7014
 156.00000   0.02724  169.7560   0.01382  176.6917
 157.00000   0.02818  169.9909   0.01191  176.6824
 158.00000   0.02897  170.2396   0.00988  176.6736
 159.00000   0.02963  170.5025   0.00776  176.6653
 160.00000   0.03015  170.7800   0.00557  176.6574
 161.00000   0.03054  171.0723   0.00330  176.6499
 162.00000   0.03081  171.3793   0.00100  176.6429
 163.00000   0.03096  171.7008   0.00134   -3.3637
 164.00000   0.03101  172.0360   0.00369   -3.3699
 165.00000   0.03096  172.3840   0.00602   -3.3758
 166.00000   0.03083  172.7431   0.00833   -3.3812
 167.00000   0.03063  173.1112   0.01058   -3.3862
 168.00000   0.03037  173.4855   0.01277   -3.3908
 169.00000   0.03007  173.8624   0.01487   -3.3951
 170.00000   0.02974  174.2377   0.01686   -3.3989
 171.00000   0.02939  174.6063   0.01872   -3.4024
 172.00000   0.02904  174.9624   0.02044   -3.4055
 173.00000   0.02870  175.2997   0.02199   -3.4083
 174.00000   0.02837  175.6112   0.02337   -3.4106
 175.00000   0.02808  175.8902   0.02457   -3.4126
 176.00000   0.02783  176.1297   0.02556   -3.4143
 177.00000   0.02763  176.3235   0.02634   -3.4155
 178.00000   0.02748  176.4661   0.02690   -3.4164
 179.00000   0.02739  176.5534   0.02724   -3.4170
 180.00000   0.02736  176.5828   0.02736   -3.4172
